
                        S T E P       1


                                INCREMENT     1


 forces (fx,fy,fz) for set CENTER and time  0.5000000E-01

       200  9.887889E-09 -1.191275E+00 -1.612599E-14
       201 -7.877170E-09 -9.968467E-01  4.152234E-14
       202  8.994090E-09 -1.337596E+00 -3.892719E-15
       599  8.670902E-09 -2.358949E-01  2.654300E-14
       600 -2.182114E-09 -5.550623E-02 -9.787310E-15
       601  3.437986E-08 -2.310852E-01 -2.585085E-14
      1562 -2.146519E-08  2.191709E-01 -2.750578E-14
      1809 -2.018895E-07 -9.717196E-01 -6.383782E-15
      1810  2.050977E-08  1.719681E-01 -1.787502E-14
      1811 -2.233282E-08  2.827842E-01  1.652498E-14
      2087  2.151228E-07 -1.096522E+00  1.232348E-14
      2315 -8.121670E-08 -5.177736E-03  3.506895E-14
      2320  2.639350E-08  3.232042E-01  6.236678E-14
      2321 -1.306609E-08 -2.803752E-02  9.041379E-15
      2322 -3.561649E-09  2.840099E-01 -2.182868E-14
      2323  8.466142E-09  1.299333E-01 -6.897261E-15
      2324  2.028970E-08  3.744468E-01 -2.293304E-15
      2802 -7.418256E-08 -1.530884E-02 -3.379241E-14
      2805 -1.968392E-08  2.031027E-01 -2.137179E-14
      3544 -4.269083E-08  2.249934E-02  2.935152E-15
      3546 -1.454874E-07 -2.907862E-01 -3.705369E-15
      3552 -1.830933E-07  1.387713E-01  1.036671E-14
      3553  5.141348E-09  2.460054E-01  7.091550E-15
      3554 -2.042957E-08  2.727918E-01 -3.298750E-14
      3555 -2.365663E-09  1.737526E-01  1.476597E-14
      3556  2.019863E-08  2.798244E-01  2.664535E-14
      3557 -2.428829E-09  2.045443E-01  1.239980E-14
      3558 -5.128851E-09  1.745877E-01 -1.618150E-14
      3559  3.877891E-08  2.724363E-01  5.495604E-15
      3560 -1.053814E-08  1.564201E-01 -7.216450E-16
      3561 -2.061379E-07 -8.246562E-02  9.187096E-15
      3880  1.745470E-08  2.496823E-01 -3.662348E-14
      3881  2.031155E-07 -1.935149E-01  1.885991E-14
      3882  2.067577E-07 -1.973145E-02  1.022793E-14
      3883 -4.107176E-08  2.039811E-01 -1.791622E-14
      3884  4.327574E-08  7.323333E-02  1.741662E-14
      3886  5.636605E-09  2.435717E-01 -1.999789E-14
      3887 -1.857542E-08  3.600908E-01  3.975986E-14
      3888  5.559167E-08  3.298381E-02 -3.394854E-14
      3889 -4.535902E-09  1.063015E-01 -1.461331E-14
      4008  5.302900E-08 -1.792240E-01  2.589942E-15
      4026 -5.549505E-08  2.237548E-02 -2.498002E-16

 total force (fx,fy,fz) for set CENTER and time  0.5000000E-01

       -1.837418E-07 -1.708219E+00  1.058225E-14

                                INCREMENT     2


 forces (fx,fy,fz) for set CENTER and time  0.1000000E+00

       200 -3.658880E-14 -2.314409E+00 -3.230749E-14
       201 -2.713342E-14 -1.938713E+00  8.293366E-14
       202  1.184859E-13 -2.598640E+00  9.575674E-16
       599  4.896638E-13 -4.598025E-01  5.308601E-14
       600 -9.482738E-14 -1.092076E-01 -1.957462E-14
       601  1.783757E-13 -4.477771E-01 -3.084338E-14
      1562 -1.746915E-13  4.269217E-01 -5.501849E-14
      1809 -9.787064E-13 -1.877437E+00 -1.271205E-14
      1810  1.815244E-13  3.344520E-01 -4.279042E-14
      1811 -2.212763E-13  5.497330E-01  3.307077E-14
      2087  4.527274E-13 -2.113468E+00  3.158585E-14
      2315 -7.142481E-13 -2.371360E-03  7.649480E-14
      2320  3.484872E-13  6.272740E-01  1.247405E-13
      2321 -6.709215E-14 -5.570947E-02  1.807929E-14
      2322 -3.585876E-14  5.525725E-01 -4.367383E-14
      2323  6.828435E-14  2.531546E-01 -1.376677E-14
      2324  1.628760E-13  7.291289E-01 -4.565792E-15
      2802 -7.996160E-13 -2.561209E-02 -7.364942E-14
      2805 -8.988647E-14  3.941887E-01 -4.268808E-14
      3544 -4.083071E-13  4.916757E-02 -9.159340E-16
      3546 -4.722289E-13 -5.534558E-01  8.298917E-15
      3552 -6.181435E-13  2.699010E-01  2.420286E-14
      3553  2.571584E-14  4.788451E-01  1.409983E-14
      3554 -1.545076E-13  5.311688E-01 -6.589174E-14
      3555 -2.391989E-14  3.380297E-01  2.958744E-14
      3556  1.065456E-13  5.435329E-01  5.340173E-14
      3557 -3.085277E-14  3.984834E-01  2.486900E-14
      3558 -3.793277E-14  3.398957E-01 -3.252953E-14
      3559  2.327013E-13  5.341369E-01  1.099121E-14
      3560 -8.170961E-14  3.047614E-01 -1.582068E-15
      3561 -3.452928E-13 -1.590108E-01  2.078893E-14
      3880  6.100434E-14  4.843958E-01 -7.327472E-14
      3881  6.752074E-13 -3.743225E-01  4.601874E-14
      3882  4.862565E-13 -3.773470E-02  1.371125E-14
      3883  9.818590E-14  3.963311E-01 -4.479750E-14
      3884 -2.183760E-15  1.486498E-01  3.483325E-14
      3886  3.685765E-14  4.745197E-01 -3.994027E-14
      3887 -1.438619E-13  7.014813E-01  7.946421E-14
      3888  2.803619E-13  7.277889E-02 -6.789014E-14
      3889 -4.284433E-14  2.071514E-01 -2.918499E-14
      4008  5.045422E-13 -3.345073E-01  2.417511E-14
      4026 -8.647645E-14  5.102151E-02 -3.400058E-16

 total force (fx,fy,fz) for set CENTER and time  0.1000000E+00

       -1.180383E-12 -3.210502E+00  7.745367E-14

                                INCREMENT     3


 forces (fx,fy,fz) for set CENTER and time  0.1750000E+00

       200  1.026510E-12 -3.877369E+00 -1.317280E-13
       201 -3.272835E-13 -3.252702E+00  1.091904E-13
       202 -1.003343E-14 -4.353728E+00  3.330669E-14
       599  6.059871E-12 -7.790675E-01  1.179612E-14
       600 -1.124073E-12 -1.900218E-01  1.410677E-14
       601  1.278615E-12 -7.539052E-01 -8.265610E-14
      1562 -2.059125E-12  7.190661E-01  5.483114E-14
      1809 -7.020193E-12 -3.119217E+00 -1.795786E-13
      1810  3.984044E-12  5.621616E-01  1.894318E-14
      1811 -2.614333E-12  9.238037E-01 -9.496570E-14
      2087  5.840858E-12 -3.498471E+00  2.004230E-13
      2315 -8.881886E-12  1.455002E-02 -4.435861E-14
      2320  2.444394E-12  1.051980E+00  1.057626E-13
      2321 -8.013691E-13 -9.872588E-02  5.762751E-14
      2322 -4.193574E-13  9.293874E-01  6.399915E-14
      2323  8.091235E-13  4.264880E-01 -1.696004E-13
      2324  1.927583E-12  1.227501E+00  2.023381E-14
      2802 -1.198808E-11 -3.392871E-02  3.709533E-14
      2805 -1.046477E-12  6.599228E-01 -1.240119E-13
      3544 -3.384638E-12  9.642714E-02  1.198486E-13
      3546 -7.487026E-12 -8.982399E-01 -2.098322E-14
      3552 -6.328808E-12  4.539378E-01 -3.669287E-14
      3553  3.204360E-13  8.055202E-01 -5.367928E-14
      3554 -1.819233E-12  8.940127E-01 -6.888934E-14
      3555 -2.790984E-13  5.681662E-01  4.468648E-14
      3556  1.264353E-12  9.111978E-01 -4.862777E-14
      3557 -3.547519E-13  6.712113E-01  8.754109E-14
      3558 -4.433626E-13  5.719245E-01 -4.976575E-14
      3559  2.673994E-12  9.084938E-01 -4.057865E-14
      3560 -9.616451E-13  5.134236E-01  5.398459E-14
      3561 -6.627192E-12 -2.628751E-01  1.204592E-14
      3880  7.228114E-13  8.102294E-01  1.931788E-14
      3881  5.861349E-12 -6.226902E-01  1.604827E-13
      3882  6.488402E-12 -6.097535E-02 -1.398881E-14
      3883  3.690629E-13  6.649251E-01  2.753353E-14
      3884  2.301484E-12  2.658785E-01  5.395684E-14
      3886  4.299804E-13  7.993101E-01 -5.634382E-15
      3887 -1.683825E-12  1.181566E+00  3.433365E-14
      3888  3.015239E-12  1.441758E-01 -7.778500E-14
      3889 -5.106111E-13  3.490869E-01 -1.122297E-13
      4008  3.750404E-12 -5.283124E-01  1.121915E-13
      4026 -4.478134E-12  1.045269E-01 -1.877665E-14

 total force (fx,fy,fz) for set CENTER and time  0.1750000E+00

       -2.008202E-11 -5.101354E+00  7.870787E-14

                                INCREMENT     4


 forces (fx,fy,fz) for set CENTER and time  0.2875000E+00

       200  1.215001E-11 -5.969772E+00 -8.992806E-14
       201 -7.260153E-12 -5.017383E+00  7.016610E-14
       202  5.914453E-12 -6.704894E+00  1.143530E-14
       599  1.347156E-10 -1.241385E+00  8.672230E-14
       600 -2.477406E-11 -3.245924E-01 -1.747907E-13
       601  1.884661E-11 -1.198792E+00 -1.811884E-13
      1562 -4.487206E-11  1.120454E+00 -1.161571E-14
      1809 -1.570841E-10 -4.743229E+00  1.124656E-13
      1810  9.644922E-11  8.740321E-01 -2.474028E-13
      1811 -5.726895E-11  1.437537E+00 -1.410538E-13
      2087  1.253990E-10 -5.290269E+00  1.312839E-13
      2315 -1.995536E-10  6.117648E-02  2.496094E-14
      2320  4.795725E-11  1.634257E+00  3.549661E-13
      2321 -1.768689E-11 -1.743350E-01  2.153000E-13
      2322 -9.059299E-12  1.446589E+00 -2.203984E-13
      2323  1.766681E-11  6.645630E-01 -1.975087E-13
      2324  4.215278E-11  1.911675E+00  2.356310E-13
      2802 -2.755352E-10 -3.793428E-02 -3.183565E-14
      2805 -2.305894E-11  1.017347E+00 -2.542411E-14
      3544 -7.624586E-11  1.821382E-01  4.052314E-14
      3546 -1.621471E-10 -1.316168E+00 -5.073719E-14
      3552 -1.386879E-10  7.075733E-01 -3.774758E-14
      3553  7.120901E-12  1.252300E+00  7.283063E-14
      3554 -3.967972E-11  1.390995E+00 -9.980905E-14
      3555 -6.098106E-12  8.820901E-01 -3.153033E-14
      3556  2.784671E-11  1.408224E+00 -5.295764E-14
      3557 -7.673797E-12  1.045583E+00  1.491585E-13
      3558 -9.677723E-12  8.894217E-01 -1.523781E-13
      3559  6.087233E-11  1.436431E+00 -1.232348E-13
      3560 -2.089778E-11  7.999719E-01 -2.969847E-14
      3561 -1.472358E-10 -3.943660E-01  5.384582E-14
      3880  1.598839E-11  1.246501E+00  9.980905E-14
      3881  1.367754E-10 -9.471700E-01  6.250556E-14
      3882  1.512168E-10 -8.539657E-02  2.197131E-13
      3883  1.333596E-11  1.029683E+00  2.664535E-15
      3884  5.649047E-11  4.515192E-01  6.139533E-14
      3886  9.491464E-12  1.245226E+00 -4.429790E-14
      3887 -3.657024E-11  1.840808E+00  8.637535E-14
      3888  5.826939E-11  2.745078E-01 -2.339795E-14
      3889 -1.106258E-11  5.441841E-01  5.720424E-14
      4008  6.197047E-11 -7.504231E-01  1.292647E-13
      4026 -9.898216E-11  2.047847E-01  3.430589E-14

 total force (fx,fy,fz) for set CENTER and time  0.2875000E+00

       -4.704821E-10 -7.196537E+00  3.455916E-13

                                INCREMENT     5


 forces (fx,fy,fz) for set CENTER and time  0.4562500E+00

       200  1.915436E-10 -8.633099E+00  1.665335E-13
       201 -1.079828E-10 -7.269492E+00  1.479927E-13
       202  8.325602E-11 -9.705443E+00  7.849277E-14
       599  2.063627E-09 -1.980870E+00 -1.112443E-13
       600 -3.804292E-10 -6.070867E-01 -1.343647E-13
       601  2.527273E-10 -1.946009E+00  1.004752E-14
      1562 -6.546126E-10  1.668756E+00 -7.786827E-14
      1809 -2.328060E-09 -6.738423E+00  2.764455E-14
      1810  1.501518E-09  1.301058E+00 -5.158166E-13
      1811 -8.534934E-10  2.150149E+00 -4.363454E-13
      2087  1.838940E-09 -7.454486E+00  9.858780E-14
      2315 -3.047990E-09  1.520242E-01 -8.317652E-14
      2320  7.045685E-10  2.448510E+00  3.720635E-13
      2321 -2.684348E-10 -3.432320E-01  3.070322E-13
      2322 -1.321557E-10  2.157647E+00 -8.237161E-14
      2323  2.554458E-10  9.887622E-01 -2.515765E-13
      2324  6.127781E-10  2.846362E+00  2.062239E-13
      2802 -4.240001E-09 -5.384436E-02  8.579248E-14
      2805 -3.440617E-10  1.484697E+00  3.730349E-14
      3544 -1.170863E-09  3.399657E-01  1.035283E-13
      3546 -2.428769E-09 -1.762664E+00 -1.402212E-13
      3552 -2.024620E-09  1.062660E+00 -1.598721E-14
      3553  1.045320E-10  1.856520E+00  1.555422E-13
      3554 -5.774260E-10  2.064608E+00 -2.418066E-13
      3555 -9.096596E-11  1.304604E+00 -2.086109E-13
      3556  4.129022E-10  2.065219E+00  1.091349E-13
      3557 -1.107585E-10  1.554733E+00 -2.555178E-13
      3558 -1.395741E-10  1.318902E+00  7.127632E-14
      3559  8.990471E-10  2.184501E+00 -2.431388E-13
      3560 -3.013734E-10  1.189917E+00  2.255973E-13
      3561 -2.132001E-09 -5.376718E-01 -1.258993E-13
      3880  2.364832E-10  1.809764E+00  6.727952E-14
      3881  1.964577E-09 -1.338757E+00 -3.334000E-13
      3882  2.189480E-09 -9.022663E-02  3.277378E-13
      3883  1.803772E-10  1.518475E+00  1.642020E-13
      3884  8.153952E-10  7.564957E-01  7.005507E-14
      3886  1.374461E-10  1.852019E+00  4.618528E-14
      3887 -5.300441E-10  2.738900E+00  4.434786E-13
      3888  8.579209E-10  5.126374E-01  4.576894E-14
      3889 -1.599636E-10  8.101078E-01 -3.830269E-14
      4008  9.047217E-10 -1.003340E+00  2.366961E-13
      4026 -1.497292E-09  3.878433E-01  1.773581E-13

 total force (fx,fy,fz) for set CENTER and time  0.4562500E+00

       -7.313584E-09 -8.938806E+00  4.859065E-13

                                INCREMENT     6


 forces (fx,fy,fz) for set CENTER and time  0.6562500E+00

       200  1.745818E-10 -1.128445E+01  1.884048E-13
       201 -8.248868E-11 -9.505389E+00  5.018208E-14
       202  3.917801E-11 -1.271528E+01  1.063594E-13
       599  2.178103E-09 -3.129249E+00 -6.691869E-14
       600 -4.042592E-10 -1.187160E+00 -3.629319E-13
       601 -3.766634E-11 -3.222819E+00 -4.230505E-13
      1562 -4.777300E-10  2.307541E+00 -2.552195E-13
      1809 -1.861284E-09 -8.652177E+00 -1.998401E-14
      1810  1.520406E-09  1.808067E+00 -1.194322E-13
      1811 -7.334088E-10  3.023786E+00  1.151856E-13
      2087  1.274982E-09 -9.494568E+00  4.213296E-13
      2315 -3.110406E-09  2.322727E-01  5.520584E-14
      2320  5.571408E-10  3.477519E+00  6.518674E-13
      2321 -2.543735E-10 -7.020397E-01  1.184886E-13
      2322 -1.092017E-10  3.006687E+00 -2.883943E-13
      2323  1.645394E-10  1.362863E+00 -4.729273E-13
      2324  4.097266E-10  3.938786E+00  2.852441E-13
      2802 -4.454875E-09 -1.549611E-01  1.709188E-13
      2805 -2.760729E-10  1.990668E+00  6.938894E-13
      3544 -1.236361E-09  5.662433E-01  2.009504E-13
      3546 -2.287667E-09 -2.110097E+00 -4.003464E-13
      3552 -1.360093E-09  1.506250E+00 -8.459899E-14
      3553  6.223711E-11  2.547971E+00  1.992850E-13
      3554 -4.037017E-10  2.837214E+00 -3.090861E-13
      3555 -8.081530E-11  1.784731E+00 -3.613776E-13
      3556  3.065459E-10  2.790430E+00 -2.824407E-13
      3557 -8.181705E-11  2.140920E+00 -2.345346E-13
      3558 -9.666535E-11  1.809922E+00  3.023137E-13
      3559  6.120693E-10  3.084415E+00 -3.606004E-13
      3560 -1.995655E-10  1.639130E+00 -2.018385E-13
      3561 -1.350065E-09 -6.247488E-01 -1.032507E-13
      3880  1.645957E-10  2.402694E+00 -3.224088E-13
      3881  1.164446E-09 -1.686600E+00  2.331468E-14
      3882  1.436132E-09 -2.595501E-02 -2.109424E-14
      3883  2.097642E-10  2.074840E+00 -4.884981E-15
      3884  5.869062E-10  1.173985E+00  5.101475E-13
      3886  8.019086E-11  2.551563E+00  3.447242E-14
      3887 -3.752014E-10  3.777627E+00  3.927414E-13
      3888  7.100356E-10  8.428143E-01  4.468648E-15
      3889 -1.110937E-10  1.117072E+00  2.329248E-13
      4008  7.779519E-10 -1.350513E+00  2.549905E-13
      4026 -1.517761E-09  6.305519E-01  1.349199E-13

 total force (fx,fy,fz) for set CENTER and time  0.6562500E+00

       -8.473041E-09 -9.419443E+00  4.522840E-13

                                INCREMENT     7


 forces (fx,fy,fz) for set CENTER and time  0.8562500E+00

       200  3.007436E-10 -1.370995E+01  3.306244E-13
       201 -2.044830E-10 -1.152433E+01  1.256772E-13
       202  2.117433E-10 -1.550580E+01 -4.256595E-13
       599  1.830246E-09 -4.834973E+00  1.343370E-13
       600 -3.339372E-10 -2.187415E+00 -3.061440E-13
       601  1.167632E-09 -5.271855E+00 -4.921619E-13
      1562 -1.292792E-09  3.032074E+00  4.734546E-13
      1809 -4.922050E-09 -1.039298E+01 -2.045031E-13
      1810  1.759300E-09  2.402190E+00 -1.552647E-13
      1811 -1.257590E-09  4.087850E+00 -4.962697E-14
      2087  4.416947E-09 -1.135423E+01 -8.060219E-14
      2315 -3.979033E-09  2.058004E-01  3.437806E-13
      2320  1.142163E-09  4.782643E+00  9.027223E-13
      2321 -3.045365E-10 -1.325770E+00  1.832423E-13
      2322 -1.961024E-10  4.005793E+00 -1.447731E-13
      2323  6.157954E-10  1.781270E+00 -5.267731E-13
      2324  1.401353E-09  5.185389E+00  2.289557E-13
      2802 -4.286753E-09 -4.320951E-01 -3.660405E-13
      2805 -5.977853E-10  2.524091E+00 -5.462297E-14
      3544 -1.709641E-09  8.283677E-01 -1.979528E-13
      3546 -4.276532E-09 -2.390098E+00 -7.815970E-14
      3552 -4.673453E-09  2.057929E+00  5.107026E-14
      3553  2.817039E-10  3.317286E+00  7.904788E-14
      3554 -1.257967E-09  3.697460E+00 -2.977618E-13
      3555 -1.218057E-10  2.315697E+00 -1.552092E-13
      3556  8.410409E-10  3.570880E+00 -7.505108E-14
      3557 -2.135314E-10  2.794913E+00  2.068345E-13
      3558 -3.022224E-10  2.355036E+00  8.637535E-14
      3559  2.437889E-09  4.109266E+00 -5.018208E-13
      3560 -7.052573E-10  2.140414E+00  4.440892E-13
      3561 -5.574613E-09 -6.233322E-01  5.995204E-13
      3880  5.236295E-10  3.005542E+00 -3.304024E-13
      3881  5.518723E-09 -1.951092E+00 -4.802825E-13
      3882  5.244326E-09  1.414004E-01  1.979528E-13
      3883  6.089862E-10  2.697124E+00  1.063372E-12
      3884  2.087576E-09  1.673448E+00  1.710854E-13
      3886  3.799188E-10  3.333459E+00 -2.523537E-13
      3887 -1.098247E-09  4.944089E+00 -4.267697E-13
      3888  2.160101E-09  1.202535E+00 -1.251915E-13
      3889 -3.413707E-10  1.460035E+00 -1.178502E-13
      4008  2.237266E-09 -1.974632E+00  1.965927E-13
      4026 -2.526759E-09  8.700275E-01  1.809386E-13

 total force (fx,fy,fz) for set CENTER and time  0.8562500E+00

       -5.009378E-09 -8.956542E+00  1.546957E-13

                                INCREMENT     8


 forces (fx,fy,fz) for set CENTER and time  0.1000000E+01

       200  2.786146E-10 -1.548615E+01  2.574607E-13
       201 -1.818044E-10 -1.297799E+01  8.466561E-13
       202  1.701712E-10 -1.757552E+01  1.744160E-13
       599  2.270567E-09 -6.540579E+00 -1.998401E-13
       600 -4.184936E-10 -3.243507E+00 -6.298295E-13
       601  7.545469E-10 -7.401569E+00 -4.652945E-13
      1562 -1.100208E-09  3.656955E+00 -2.580713E-13
      1809 -3.878412E-09 -1.170800E+01 -3.561595E-13
      1810  1.866807E-09  2.928108E+00 -2.703393E-14
      1811 -1.210567E-09  5.053337E+00 -4.385381E-13
      2087  3.309496E-09 -1.279036E+01  3.739231E-13
      2315 -3.941256E-09  7.791171E-02 -2.065015E-13
      2320  1.027702E-09  5.999154E+00  4.842793E-13
      2321 -3.227285E-10 -1.984206E+00  4.587997E-13
      2322 -2.005958E-10  4.891540E+00 -8.137935E-14
      2323  4.709593E-10  2.138245E+00 -5.274670E-13
      2324  1.089464E-09  6.266005E+00  6.403766E-13
      2802 -4.945454E-09 -7.869831E-01  5.661027E-13
      2805 -5.438684E-10  2.966374E+00 -6.030731E-13
      3544 -1.553784E-09  1.033740E+00  2.775558E-15
      3546 -3.598249E-09 -2.621427E+00 -2.844391E-13
      3552 -3.673013E-09  2.564971E+00 -2.331468E-14
      3553  2.005496E-10  3.972919E+00  9.503509E-14
      3554 -1.040860E-09  4.430178E+00 -4.647394E-13
      3555 -1.321006E-10  2.766942E+00  4.942713E-13
      3556  6.928705E-10  4.225434E+00 -1.103562E-13
      3557 -1.951777E-10  3.352020E+00 -5.595524E-14
      3558 -2.550356E-10  2.818696E+00  9.636736E-14
      3559  1.750134E-09  4.979661E+00  1.603162E-13
      3560 -5.666170E-10  2.567398E+00  1.860734E-13
      3561 -4.157494E-09 -5.686003E-01  2.846612E-13
      3880  4.182182E-10  3.493256E+00 -2.435829E-13
      3881  3.975305E-09 -2.112724E+00 -3.961276E-13
      3882  4.010294E-09  3.393439E-01  2.304823E-13
      3883  3.724059E-10  3.232686E+00  1.030287E-13
      3884  1.532148E-09  2.092218E+00  2.119971E-13
      3886  2.669456E-10  4.000456E+00 -2.720046E-14
      3887 -9.269494E-10  5.942757E+00  9.517387E-14
      3888  1.540698E-09  1.464710E+00 -6.651485E-13
      3889 -2.859610E-10  1.752176E+00 -2.450817E-13
      4008  1.601884E-09 -2.717026E+00  4.041767E-13
      4026 -2.154525E-09  1.021310E+00  4.413483E-13

 total force (fx,fy,fz) for set CENTER and time  0.1000000E+01

       -7.683372E-09 -8.486126E+00  2.985875E-13
