
                        S T E P       1


                                INCREMENT     1


 forces (fx,fy,fz) for set CENTER and time  0.5000000E-01

       200  2.377391E-10 -4.744129E-01  3.635980E-15
       201 -1.878909E-10 -3.967194E-01  1.140060E-14
       202  2.131921E-10 -5.326968E-01 -3.691492E-15
       599  2.230821E-10 -9.388168E-02  3.196228E-15
       600 -5.470627E-11 -2.202685E-02 -9.669349E-15
       601  8.233235E-10 -9.234338E-02 -4.676814E-15
      1562 -5.165922E-10  8.716973E-02  8.388255E-15
      1809 -4.811181E-09 -3.882763E-01 -4.850287E-15
      1810  5.032375E-10  6.846501E-02 -1.949027E-14
      1811 -5.400909E-10  1.126234E-01 -1.021752E-15
      2087  5.115711E-09 -4.387774E-01 -3.611694E-15
      2315 -1.960414E-09 -3.038274E-03 -3.155028E-16
      2320  6.359133E-10  1.288621E-01  2.725077E-14
      2321 -3.160854E-10 -1.107003E-02  1.128004E-14
      2322 -8.588181E-11  1.130464E-01 -1.573600E-14
      2323  2.036409E-10  5.166927E-02 -1.541128E-14
      2324  4.881229E-10  1.489600E-01  1.662039E-14
      2802 -1.807181E-09 -6.645577E-03  3.020154E-15
      2805 -4.709075E-10  8.094674E-02 -1.525863E-14
      3544 -1.029856E-09  8.290086E-03 -3.139849E-15
      3546 -3.480850E-09 -1.172286E-01 -1.075529E-15
      3552 -4.357143E-09  5.525264E-02 -1.665335E-15
      3553  1.231224E-10  9.788252E-02  5.329071E-15
      3554 -4.907579E-10  1.085178E-01 -8.486267E-15
      3555 -5.730564E-11  6.915526E-02  1.258715E-14
      3556  4.840805E-10  1.114733E-01  1.038059E-14
      3557 -5.874390E-11  8.134365E-02  3.948231E-15
      3558 -1.230876E-10  6.945798E-02 -3.278627E-15
      3559  9.294915E-10  1.079290E-01 -4.343748E-15
      3560 -2.530713E-10  6.220160E-02  1.022446E-14
      3561 -4.903312E-09 -3.297913E-02  9.416079E-15
      3880  4.163597E-10  9.952985E-02 -1.165734E-14
      3881  4.828824E-09 -7.726218E-02 -5.141720E-15
      3882  4.919727E-09 -7.914461E-03  5.107026E-15
      3883 -9.696714E-10  8.125041E-02  4.343748E-15
      3884  1.034438E-09  2.839288E-02 -3.747003E-16
      3886  1.352580E-10  9.686375E-02 -1.040834E-15
      3887 -4.463980E-10  1.432068E-01 -6.220718E-15
      3888  1.328258E-09  1.206373E-02 -7.065529E-15
      3889 -1.092964E-10  4.226697E-02 -8.609433E-15
      4008  1.267535E-09 -7.313443E-02  2.193168E-14
      4026 -1.333839E-09  7.973666E-03  8.066464E-16

 total force (fx,fy,fz) for set CENTER and time  0.5000000E-01

       -4.453204E-09 -6.936129E-01  1.303439E-14

                                INCREMENT     2


 forces (fx,fy,fz) for set CENTER and time  0.1000000E+00

       200  3.650062E-14 -9.381706E-01  7.265022E-15
       201 -7.058800E-16 -7.848670E-01  2.280121E-14
       202  3.196961E-15 -1.053412E+00 -7.389922E-15
       599  4.088623E-14 -1.857068E-01  6.395925E-15
       600 -1.164545E-16 -4.363934E-02 -1.933523E-14
       601 -1.369282E-13 -1.821765E-01 -7.098488E-15
      1562 -9.584673E-17  1.725198E-01  1.677478E-14
      1809  4.443223E-15 -7.661800E-01 -7.049916E-15
      1810  8.272918E-14  1.354122E-01 -1.914311E-14
      1811 -6.379942E-17  2.226977E-01 -2.043504E-15
      2087 -2.306864E-14 -8.650313E-01  3.314016E-14
      2315 -9.149570E-14 -4.763168E-03 -1.904618E-14
      2320 -7.742035E-14  2.546261E-01  3.228320E-14
      2321 -8.940936E-18 -2.200118E-02  2.256181E-14
      2322 -2.700412E-17  2.236186E-01 -3.147309E-14
      2323 -5.956238E-17  1.022709E-01 -3.082604E-14
      2324  5.036936E-17  2.947679E-01  3.324771E-14
      2802 -3.612359E-14 -1.243687E-02  9.773432E-15
      2805 -2.257078E-16  1.599924E-01 -3.046174E-14
      3544  3.180125E-14  1.724399E-02  5.363765E-15
      3546  8.640152E-16 -2.300120E-01 -7.674417E-15
      3552  5.656126E-14  1.092738E-01 -3.358425E-15
      3553  3.934928E-17  1.936714E-01  1.061651E-14
      3554 -6.023991E-16  2.147434E-01 -1.700029E-14
      3555 -2.808101E-16  1.368045E-01  2.514655E-14
      3556 -6.586316E-18  2.203925E-01  2.081668E-14
      3557  3.274510E-16  1.610008E-01  7.910339E-15
      3558 -1.329021E-16  1.374410E-01 -6.550316E-15
      3559  4.721761E-15  2.141459E-01 -2.053913E-15
      3560  1.449032E-16  1.231185E-01  2.041423E-14
      3561 -1.051314E-13 -6.504449E-02  1.942890E-14
      3880 -3.065677E-17  1.966995E-01 -2.331468E-14
      3881 -1.239218E-13 -1.525403E-01 -1.201816E-14
      3882  2.851287E-14 -1.558290E-02  4.427014E-15
      3883  1.089814E-14  1.606499E-01  4.204970E-15
      3884  5.758647E-14  5.712463E-02 -8.132384E-15
      3886  2.746195E-16  1.917197E-01 -2.095546E-15
      3887 -1.239766E-16  2.834378E-01 -1.244144E-14
      3888 -8.717420E-14  2.521693E-02 -1.412759E-14
      3889  1.197907E-16  8.366680E-02 -1.720152E-14
      4008  6.501700E-14 -1.423768E-01  2.922662E-14
      4026  5.913593E-14  1.695916E-02  5.249273E-15

 total force (fx,fy,fz) for set CENTER and time  0.1000000E+00

       -1.999329E-13 -1.354725E+00  3.721220E-14

                                INCREMENT     3


 forces (fx,fy,fz) for set CENTER and time  0.1750000E+00

       200 -1.360432E-13 -1.614139E+00  1.330880E-14
       201  4.304454E-16 -1.351230E+00  3.635980E-15
       202 -1.657664E-13 -1.812382E+00 -3.012868E-14
       599  1.517149E-13 -3.198976E-01  1.723621E-14
       600 -6.393362E-16 -7.547427E-02 -3.714043E-14
       601 -2.752490E-14 -3.126481E-01 -6.103451E-14
      1562 -1.176775E-15  2.972322E-01 -7.979728E-17
      1809 -3.924346E-13 -1.313961E+00  2.342571E-14
      1810 -3.499544E-14  2.330787E-01  8.226492E-15
      1811 -1.462749E-15  3.832033E-01  1.406514E-14
      2087  1.545276E-13 -1.481406E+00  3.813616E-14
      2315 -3.790817E-13 -5.015579E-03  1.727394E-14
      2320  4.179209E-14  4.376986E-01  4.352074E-14
      2321 -4.112051E-16 -3.825352E-02  3.615164E-15
      2322 -2.268229E-16  3.849900E-01 -4.623645E-14
      2323  5.505106E-16  1.762273E-01 -4.794776E-15
      2324  1.063733E-15  5.077453E-01  3.333792E-14
      2802 -4.453617E-14 -1.964513E-02  2.886580E-15
      2805 -1.412598E-15  2.750817E-01  4.637957E-14
      3544 -7.115054E-14  3.188335E-02 -7.410739E-15
      3546  4.915563E-14 -3.910495E-01 -2.292611E-14
      3552 -1.216790E-13  1.880823E-01 -8.049117E-16
      3553  1.251258E-15  3.335379E-01 -8.743006E-15
      3554 -5.609147E-16  3.699026E-01 -3.463896E-14
      3555 -1.198309E-15  2.355316E-01 -1.162959E-14
      3556  1.309926E-15  3.791032E-01  2.878253E-14
      3557  1.279246E-16  2.774118E-01 -3.595735E-14
      3558 -2.543563E-16  2.367254E-01  2.821354E-14
      3559 -3.294682E-13  3.703561E-01 -7.915890E-14
      3560 -5.506447E-16  2.121517E-01  8.534840E-15
      3561  4.626097E-13 -1.114397E-01  2.692291E-14
      3880  9.919023E-16  3.381238E-01 -7.382983E-15
      3881  1.431270E-13 -2.617912E-01 -1.254552E-14
      3882 -2.853489E-14 -2.659853E-02  2.160772E-14
      3883  2.261052E-13  2.763765E-01  4.674039E-14
      3884  8.526019E-15  1.008506E-01  1.712519E-14
      3886  1.415785E-16  3.303435E-01 -1.434963E-14
      3887 -1.593808E-15  4.883615E-01  4.367340E-14
      3888  2.201177E-13  4.692367E-02 -1.661171E-14
      3889 -4.150036E-16  1.441859E-01 -4.163336E-14
      4008  1.214459E-13 -2.392600E-01  3.737462E-14
      4026  2.667387E-13  3.226165E-02  1.654926E-14

 total force (fx,fy,fz) for set CENTER and time  0.1750000E+00

        1.106102E-13 -2.286820E+00  6.736538E-14

                                INCREMENT     4


 forces (fx,fy,fz) for set CENTER and time  0.2875000E+00

       200  1.510836E-13 -2.584858E+00  5.745404E-14
       201 -4.858048E-15 -2.165810E+00  8.770762E-14
       202  1.490083E-13 -2.902306E+00 -6.494805E-15
       599  1.347959E-13 -5.142129E-01  4.972758E-14
       600 -1.636741E-14 -1.225414E-01 -5.113965E-14
       601 -9.573923E-14 -5.001231E-01 -7.609885E-14
      1562 -2.997171E-14  4.771751E-01 -1.225062E-14
      1809 -7.696208E-13 -2.093918E+00 -8.079648E-14
      1810 -5.261322E-14  3.736829E-01 -3.883005E-14
      1811 -3.846814E-14  6.141697E-01 -4.044681E-14
      2087 -5.662065E-13 -2.355732E+00  3.516631E-14
      2315  6.211504E-13 -5.419019E-04  4.782329E-14
      2320  1.147898E-13  7.005351E-01  1.172049E-13
      2321 -1.149290E-14 -6.268489E-02  6.108308E-14
      2322 -6.133977E-15  6.174520E-01 -6.467916E-14
      2323  1.200402E-14  2.829675E-01 -7.965850E-15
      2324  2.804724E-14  8.148880E-01 -4.996698E-14
      2802 -7.136192E-13 -2.752396E-02 -6.857709E-14
      2805 -1.364908E-14  4.401678E-01 -2.031708E-14
      3544 -1.467578E-14  5.645535E-02 -5.263845E-14
      3546  3.743316E-13 -6.149152E-01  7.016610E-14
      3552 -8.261491E-14  3.015760E-01 -1.326717E-14
      3553  5.646659E-15  5.351070E-01 -3.447242E-14
      3554 -2.619704E-14  5.936304E-01 -5.095924E-14
      3555 -3.327376E-15  3.776957E-01  1.224021E-14
      3556  1.717602E-14  6.070626E-01 -9.658940E-15
      3557 -5.508277E-15  4.453995E-01 -4.957146E-14
      3558 -7.295565E-15  3.798488E-01  9.606205E-14
      3559 -1.067234E-13  5.979840E-01 -9.431345E-14
      3560 -1.300550E-14  3.406517E-01 -9.131584E-15
      3561 -1.272144E-13 -1.772303E-01  6.566969E-14
      3880  1.123610E-14  5.408305E-01 -1.340594E-14
      3881  5.407853E-13 -4.175907E-01  6.827872E-15
      3882 -2.222605E-13 -4.193864E-02  2.831069E-15
      3883  1.953108E-13  4.426989E-01  2.220446E-15
      3884 -1.359392E-13  1.678439E-01  5.741241E-14
      3886  7.885903E-15  5.303899E-01  6.133982E-15
      3887 -2.407181E-14  7.840658E-01  7.020773E-14
      3888 -4.441336E-15  8.373417E-02  4.347911E-14
      3889 -7.723389E-15  2.315578E-01 -2.010891E-14
      4008  3.009528E-13 -3.698911E-01  4.468301E-14
      4026 -2.949330E-13  5.909724E-02 -1.046385E-14

 total force (fx,fy,fz) for set CENTER and time  0.2875000E+00

       -7.304675E-13 -3.555152E+00  5.854562E-14

                                INCREMENT     5


 forces (fx,fy,fz) for set CENTER and time  0.4562500E+00

       200  2.217830E-13 -3.947529E+00 -1.273981E-13
       201 -1.192918E-13 -3.311774E+00  6.661338E-14
       202  6.845163E-13 -4.432527E+00 -2.861600E-14
       599  2.307815E-12 -7.937537E-01  2.750578E-14
       600 -4.025689E-13 -1.939221E-01  2.421674E-14
       601 -1.546887E-13 -7.679551E-01  4.826695E-14
      1562 -7.350188E-13  7.322965E-01 -6.062512E-14
      1809 -2.680250E-12 -3.174413E+00  5.295764E-14
      1810  1.608654E-12  5.724554E-01 -2.609336E-13
      1811 -9.347770E-13  9.407229E-01  1.362105E-13
      2087  2.306359E-12 -3.559756E+00  2.264855E-14
      2315 -2.721039E-12  1.567221E-02 -6.339200E-14
      2320  7.461655E-13  1.071162E+00  1.693090E-13
      2321 -2.858195E-13 -1.008485E-01 -7.729928E-15
      2322 -1.495678E-13  9.464360E-01 -1.771283E-13
      2323  2.891428E-13  4.343382E-01 -2.765843E-14
      2324  6.888972E-13  1.250061E+00  1.195155E-13
      2802 -4.673182E-12 -3.416110E-02  9.381385E-14
      2805 -3.745114E-13  6.718599E-01 -1.063594E-13
      3544 -1.434816E-12  9.885659E-02 -1.340594E-14
      3546 -2.949189E-12 -9.131026E-01 -5.873080E-14
      3552 -1.729421E-12  4.622719E-01 -3.969047E-14
      3553  1.155931E-13  8.202893E-01  4.868328E-14
      3554 -6.482047E-13  9.104271E-01 -6.422640E-14
      3555 -1.026757E-13  5.785599E-01  9.914292E-14
      3556  4.519684E-13  9.277453E-01  1.831868E-15
      3557 -1.271012E-13  6.835603E-01  7.105427E-14
      3558 -1.600303E-13  5.824172E-01 -9.678369E-14
      3559  7.525519E-13  9.256361E-01  6.272760E-15
      3560 -3.429288E-13  5.228734E-01 -2.570166E-14
      3561 -3.394514E-12 -2.674459E-01  9.664491E-14
      3880  2.573681E-13  8.248440E-01 -2.131628E-14
      3881  2.513233E-12 -6.337353E-01  1.400546E-13
      3882  2.007813E-12 -6.194566E-02 -6.922241E-14
      3883  2.538931E-13  6.770313E-01  6.322720E-14
      3884  1.229766E-12  2.715241E-01  8.451573E-14
      3886  1.542953E-13  8.140172E-01 -1.030287E-13
      3887 -6.018731E-13  1.203305E+00  4.146683E-14
      3888  5.162237E-13  1.478625E-01 -7.567558E-14
      3889 -1.811243E-13  3.555172E-01 -1.795786E-14
      4008  1.173757E-12 -5.364161E-01  1.578841E-13
      4026 -2.094572E-12  1.073325E-01  4.714285E-14

 total force (fx,fy,fz) for set CENTER and time  0.4562500E+00

       -8.717369E-12 -5.180210E+00  1.733986E-13

                                INCREMENT     6


 forces (fx,fy,fz) for set CENTER and time  0.6562500E+00

       200  9.068419E-13 -5.426726E+00 -1.000311E-13
       201 -6.092122E-13 -4.558837E+00  5.723200E-14
       202  1.015351E-12 -6.094397E+00  7.743806E-14
       599  1.084025E-11 -1.115370E+00 -2.819966E-14
       600 -2.099019E-12 -2.851719E-01 -1.457306E-13
       601  2.664482E-12 -1.076630E+00  3.895495E-14
      1562 -3.791382E-12  1.014663E+00  2.964989E-14
      1809 -1.248573E-11 -4.326298E+00 -1.554312E-14
      1810  7.720751E-12  7.918870E-01  8.092658E-14
      1811 -4.842384E-12  1.301914E+00 -1.171285E-14
      2087  1.180460E-11 -4.832631E+00  1.532108E-14
      2315 -1.712016E-11  4.652608E-02  5.145884E-14
      2320  4.768565E-12  1.480469E+00  9.356405E-14
      2321 -1.491047E-12 -1.517141E-01  5.674627E-14
      2322 -7.665589E-13  1.310213E+00 -7.418718E-14
      2323  1.492542E-12  6.018428E-01 -5.137557E-14
      2324  3.560352E-12  1.731392E+00  2.234324E-14
      2802 -2.279448E-11 -3.720930E-02  2.882417E-14
      2805 -1.942143E-12  9.241810E-01 -1.163514E-13
      3544 -6.590994E-12  1.570853E-01 -6.944445E-14
      3546 -1.432863E-11 -1.212958E+00 -1.820766E-13
      3552 -1.093766E-11  6.404791E-01  8.781864E-14
      3553  6.027836E-13  1.134833E+00 -1.776357E-15
      3554 -3.354206E-12  1.260240E+00 -1.885714E-13
      3555 -5.174708E-13  7.996602E-01  1.557643E-13
      3556  2.348825E-12  1.278321E+00  4.807266E-14
      3557 -6.497941E-13  9.469867E-01  1.698641E-14
      3558 -8.152894E-13  8.059312E-01  5.512257E-14
      3559  4.551945E-12  1.295669E+00 -7.172041E-14
      3560 -1.765262E-12  7.244912E-01  1.442735E-13
      3561 -1.446490E-11 -3.613487E-01 -4.041212E-14
      3880  1.346345E-12  1.133095E+00  2.947642E-14
      3881  1.129258E-11 -8.640448E-01  1.033618E-13
      3882  1.251126E-11 -8.015025E-02  7.466250E-14
      3883  1.066608E-12  9.340759E-01 -3.963496E-14
      3884  4.111523E-12  3.996062E-01  1.638689E-13
      3886  8.032886E-13  1.127774E+00 -1.224854E-13
      3887 -3.090686E-12  1.667137E+00  1.781908E-14
      3888  5.782531E-12  2.364013E-01 -2.029626E-13
      3889 -9.356874E-13  4.927695E-01 -1.383060E-13
      4008  4.105347E-12 -6.963303E-01  1.665196E-13
      4026 -8.102789E-12  1.753283E-01  8.140710E-14

 total force (fx,fy,fz) for set CENTER and time  0.6562500E+00

       -4.019871E-11 -6.706846E+00  9.709074E-14

                                INCREMENT     7


 forces (fx,fy,fz) for set CENTER and time  0.8562500E+00

       200  3.355484E-13 -6.772479E+00  1.214584E-13
       201 -6.673246E-13 -5.695758E+00  2.875478E-14
       202  4.730863E-13 -7.607902E+00  8.626433E-14
       599  1.249972E-11 -1.439273E+00 -2.378653E-14
       600 -2.322819E-12 -3.914416E-01 -2.393918E-13
       601  1.348754E-12 -1.393081E+00 -1.659783E-14
      1562 -4.087254E-12  1.279754E+00 -2.204625E-13
      1809 -1.381722E-11 -5.353336E+00  1.996181E-13
      1810  8.364464E-12  9.977688E-01 -2.096413E-13
      1811 -5.273684E-12  1.642506E+00  1.220135E-13
      2087  1.199110E-11 -5.956703E+00 -3.641532E-14
      2315 -1.861424E-11  8.575960E-02 -7.341350E-14
      2320  4.546437E-12  1.867104E+00  3.839706E-13
      2321 -1.636312E-12 -2.134020E-01  1.739026E-13
      2322 -8.245598E-13  1.652247E+00 -1.327376E-13
      2323  1.602619E-12  7.589351E-01 -8.854029E-14
      2324  3.835696E-12  2.183137E+00 -2.518818E-14
      2802 -2.460875E-11 -3.954532E-02  5.756506E-14
      2805 -2.122606E-12  1.155978E+00 -1.394440E-13
      3544 -6.812461E-12  2.232540E-01  1.623146E-13
      3546 -1.526881E-11 -1.461440E+00 -2.331468E-13
      3552 -1.337241E-11  8.092184E-01  1.149081E-13
      3553  6.588744E-13  1.428706E+00  1.501022E-13
      3554 -3.609724E-12  1.587480E+00 -1.656453E-13
      3555 -5.606567E-13  1.005715E+00  1.207923E-13
      3556  2.556773E-12  1.602090E+00 -9.647838E-14
      3557 -6.943155E-13  1.193885E+00 -1.141309E-13
      3558 -8.767428E-13  1.014814E+00  9.447998E-14
      3559  6.287300E-12  1.650629E+00 -7.183143E-14
      3560 -1.888761E-12  9.135247E-01  5.279110E-14
      3561 -1.245311E-11 -4.412670E-01 -1.608713E-13
      3880  1.461877E-12  1.414688E+00  4.996004E-14
      3881  1.338547E-11 -1.068307E+00 -4.252154E-14
      3882  1.276735E-11 -9.111853E-02  7.505108E-14
      3883  7.197556E-13  1.172874E+00  4.607426E-14
      3884  3.889981E-12  5.339244E-01 -3.891332E-14
      3886  8.599395E-13  1.421915E+00  4.840572E-14
      3887 -3.318413E-12  2.102144E+00  1.579015E-13
      3888  5.223080E-12  3.369380E-01  2.625677E-14
      3889 -1.004900E-12  6.215667E-01 -4.007905E-14
      4008  6.106736E-12 -8.271616E-01 -7.854828E-15
      4026 -1.006604E-11  2.530678E-01 -1.199041E-14

 total force (fx,fy,fz) for set CENTER and time  0.8562500E+00

       -4.498655E-11 -7.842591E+00  8.350265E-14

                                INCREMENT     8


 forces (fx,fy,fz) for set CENTER and time  0.1000000E+01

       200 -4.354578E-13 -7.666652E+00  6.478151E-14
       201 -7.203860E-14 -6.451987E+00  1.338929E-13
       202  4.672421E-13 -8.614975E+00 -5.007106E-14
       599  1.617171E-12 -1.681852E+00  7.643886E-14
       600 -2.429996E-13 -4.821596E-01 -2.762096E-13
       601  4.303512E-13 -1.636545E+00 -6.167289E-14
      1562 -4.073819E-13  1.462567E+00 -1.799949E-13
      1809 -5.749432E-13 -6.024047E+00 -1.533218E-13
      1810 -3.096887E-14  1.140007E+00 -1.493042E-13
      1811 -5.349828E-13  1.879484E+00  6.952772E-14
      2087  3.130623E-12 -6.684653E+00  1.776912E-13
      2315 -2.432627E-12  1.165099E-01 -2.798525E-13
      2320  5.565534E-13  2.137441E+00  2.844114E-13
      2321 -1.681552E-13 -2.674797E-01  2.077921E-13
      2322 -8.303684E-14  1.889029E+00 -1.550669E-13
      2323  1.560941E-13  8.670786E-01 -4.004574E-13
      2324  3.792701E-13  2.494724E+00  3.745754E-13
      2802 -2.771015E-12 -4.364758E-02  1.506573E-13
      2805 -2.152244E-13  1.312313E+00 -2.216005E-13
      3544 -4.532158E-13  2.753617E-01  1.492140E-13
      3546 -2.700778E-12 -1.612525E+00  2.053913E-14
      3552 -2.218347E-12  9.271901E-01  2.264855E-14
      3553  5.518283E-14  1.630330E+00 -2.142730E-14
      3554 -3.627697E-13  1.812238E+00 -2.688960E-13
      3555 -5.501476E-14  1.146749E+00  2.274847E-13
      3556  2.569791E-13  1.821678E+00  8.437695E-15
      3557 -6.761412E-14  1.363741E+00 -3.230749E-14
      3558 -8.560047E-14  1.158136E+00  2.047251E-13
      3559  1.658061E-12  1.899699E+00 -5.173639E-14
      3560 -1.851996E-13  1.043610E+00  3.819167E-14
      3561 -9.442180E-13 -4.901310E-01  1.023626E-13
      3880  1.457852E-13  1.603340E+00 -1.842970E-14
      3881  1.336494E-12 -1.200334E+00  4.962697E-14
      3882  1.411940E-12 -9.368772E-02 -4.340972E-14
      3883 -5.780569E-13  1.336013E+00 -3.019807E-14
      3884  2.612552E-13  6.348276E-01  2.668421E-13
      3886  8.341783E-14  1.624332E+00 -1.720846E-13
      3887 -3.306198E-13  2.401687E+00  4.241052E-14
      3888  7.290706E-13  4.157182E-01 -1.214029E-13
      3889 -1.007419E-13  7.102701E-01  6.716849E-14
      4008  1.412793E-12 -9.105621E-01  3.802653E-13
      4026 -1.814339E-12  3.137957E-01  7.499557E-14

 total force (fx,fy,fz) for set CENTER and time  0.1000000E+01

       -3.777064E-12 -8.443367E+00  5.072366E-13
