
                        S T E P       1


                                INCREMENT     1


 forces (fx,fy,fz) for set CENTER and time  0.5000000E-01

       200  2.972895E-12 -1.593297E-01  9.159340E-16
       201 -2.335597E-12 -1.331977E-01 -2.220446E-16
       202  2.632460E-12 -1.789065E-01 -1.517883E-15
       599  2.848027E-12 -3.153059E-02  3.452533E-15
       600 -6.936357E-13 -7.393457E-03 -4.312956E-15
       601  1.023727E-11 -3.107146E-02 -7.394259E-16
      1562 -6.444454E-12  2.926136E-02  1.696560E-15
      1809 -5.981856E-11 -1.305880E-01 -7.285839E-16
      1810  6.315614E-12  2.299273E-02  2.001437E-16
      1811 -6.750909E-12  3.782899E-02 -3.125972E-15
      2087  6.352034E-11 -1.476634E-01  5.927550E-15
      2315 -2.448712E-11 -1.162188E-03  2.150379E-15
      2320  7.939461E-12  4.330447E-02  2.919540E-15
      2321 -3.951436E-12 -3.708518E-03  2.973750E-15
      2322 -1.072165E-12  3.796104E-02 -4.665864E-16
      2323  2.539845E-12  1.734317E-02 -4.494669E-15
      2324  6.088399E-12  5.000815E-02  5.533768E-16
      2802 -2.266673E-11 -2.313439E-03 -4.865466E-15
      2805 -5.860965E-12  2.719574E-02  2.326264E-15
      3544 -1.286791E-11  2.688558E-03 -1.633242E-15
      3546 -4.332070E-11 -3.957548E-02 -6.418477E-16
      3552 -5.410386E-11  1.855661E-02 -1.269818E-15
      3553  1.532789E-12  3.286298E-02  2.296774E-15
      3554 -6.117570E-12  3.643042E-02 -5.564993E-15
      3555 -7.168617E-13  2.322112E-02  7.927686E-16
      3556  6.029020E-12  3.744475E-02 -2.751271E-15
      3557 -7.341685E-13  2.730423E-02 -2.612494E-15
      3558 -1.533683E-12  2.331853E-02  7.754214E-16
      3559  1.159775E-11  3.616898E-02 -2.706169E-16
      3560 -3.154235E-12  2.087835E-02  1.706968E-15
      3561 -6.088684E-11 -1.109488E-02  2.085138E-15
      3880  5.175760E-12  3.344138E-02  1.346145E-15
      3881  5.995113E-11 -2.597598E-02 -6.661338E-16
      3882  6.107650E-11 -2.664829E-03 -6.088879E-16
      3883 -1.200109E-11  2.729171E-02  1.151856E-15
      3884  1.288001E-11  9.426358E-03  1.791102E-15
      3886  1.685406E-12  3.251374E-02  6.522560E-16
      3887 -5.565465E-12  4.807038E-02  3.045307E-15
      3888  1.650827E-11  3.898322E-03 -4.145989E-16
      3889 -1.364107E-12  1.418653E-02 -3.486794E-16
      4008  1.579479E-11 -2.481920E-02  1.877838E-15
      4026 -1.661712E-11  2.543418E-03  4.952636E-16

 total force (fx,fy,fz) for set CENTER and time  0.5000000E-01

       -5.573945E-11 -2.348533E-01  3.876700E-15

                                INCREMENT     2


 forces (fx,fy,fz) for set CENTER and time  0.1000000E+00

       200 -1.077355E-14 -3.174656E-01  7.112366E-16
       201  2.240411E-16 -2.654363E-01 -4.440892E-16
       202  1.469966E-14 -3.564701E-01 -3.037501E-15
       599 -2.106109E-15 -6.282276E-02  1.019584E-14
       600 -7.038283E-17 -1.473466E-02 -8.625912E-15
       601 -3.149214E-14 -6.185019E-02 -1.414667E-15
      1562 -1.086391E-17  5.831738E-02  3.393119E-15
      1809  4.782617E-14 -2.600113E-01  4.562323E-15
      1810  3.997856E-15  4.581389E-02  4.005043E-16
      1811 -1.209442E-17  7.536916E-02 -6.251943E-15
      2087  1.758694E-14 -2.939199E-01  7.469719E-15
      2315  3.186426E-15 -2.174226E-03  6.458104E-15
      2320  1.783293E-15  8.625718E-02  5.842549E-15
      2321  4.320210E-17 -7.397878E-03  5.948800E-15
      2322 -5.967724E-18  7.564232E-02 -9.329560E-16
      2323  1.207293E-17  3.456595E-02 -8.991072E-15
      2324 -3.811974E-19  9.966050E-02  1.108488E-15
      2802 -1.924914E-14 -4.527941E-03 -1.219858E-14
      2805 -1.218022E-16  5.417751E-02  4.662937E-15
      3544 -1.059465E-14  5.452129E-03  8.500145E-16
      3546  8.094188E-15 -7.865056E-02 -4.805184E-15
      3552  5.970905E-15  3.697368E-02 -1.040834E-17
      3553  4.941364E-17  6.548988E-02  4.593548E-15
      3554 -7.656574E-17  7.260237E-02 -1.112652E-14
      3555  2.137332E-16  4.627244E-02  1.578598E-15
      3556  2.663649E-16  7.460185E-02 -5.502543E-15
      3557 -2.313551E-18  5.441829E-02 -5.224987E-15
      3558 -8.809017E-18  4.647077E-02  1.550843E-15
      3559 -1.475546E-14  7.214479E-02 -1.908196E-15
      3560 -1.272928E-16  4.161185E-02  3.406997E-15
      3561 -2.126204E-14 -2.208786E-02  4.045375E-15
      3880 -4.424078E-17  6.661747E-02  2.695760E-15
      3881 -1.346023E-14 -5.172973E-02 -1.401657E-15
      3882  1.980988E-14 -5.303123E-03  1.373901E-15
      3883 -2.589128E-14  5.437463E-02  3.424344E-15
      3884  2.484448E-14  1.889070E-02  7.327472E-15
      3886 -1.142088E-16  6.480108E-02  1.306247E-15
      3887  2.888816E-17  9.580512E-02  6.092349E-15
      3888 -2.614025E-14  7.919942E-03 -3.534499E-15
      3889 -4.179819E-17  2.827527E-02 -6.921547E-16
      4008 -3.150550E-14 -4.919556E-02  5.241901E-15
      4026 -1.127772E-14  5.201721E-03 -3.887515E-15

 total force (fx,fy,fz) for set CENTER and time  0.1000000E+00

       -7.050725E-14 -4.660498E-01  1.425059E-14

                                INCREMENT     3


 forces (fx,fy,fz) for set CENTER and time  0.1750000E+00

       200 -3.498184E-14 -5.524418E-01  8.132384E-15
       201 -4.388683E-16 -4.620032E-01  1.382922E-14
       202  3.458140E-14 -6.203101E-01  1.741662E-15
       599  2.146458E-14 -1.093247E-01  7.153132E-15
       600 -1.384877E-17 -2.565525E-02  4.080937E-15
       601  2.592242E-14 -1.074844E-01 -1.578772E-14
      1562 -1.834365E-17  1.015198E-01  4.518955E-15
      1809  1.093961E-13 -4.519758E-01 -2.983724E-16
      1810  1.768027E-14  7.972711E-02  1.853986E-16
      1811 -2.619700E-17  1.311440E-01 -2.482389E-15
      2087  9.246510E-15 -5.106834E-01  6.390721E-15
      2315  3.973814E-14 -3.415357E-03  1.006996E-14
      2320  1.947446E-14  1.500349E-01  1.858583E-14
      2321 -9.775631E-17 -1.290005E-02  4.874573E-15
      2322  1.243914E-17  1.316450E-01 -2.004018E-14
      2323 -5.861832E-18  6.017630E-02  7.008283E-16
      2324  2.207968E-17  1.734779E-01 -2.064321E-16
      2802 -6.484268E-14 -7.668563E-03 -9.025766E-15
      2805 -5.341034E-16  9.425194E-02 -1.137979E-14
      3544 -1.702471E-14  9.736754E-03  2.043504E-15
      3546 -6.124395E-15 -1.363320E-01 -1.605660E-14
      3552  4.174075E-14  6.434059E-02  5.030698E-15
      3553  5.989288E-16  1.139913E-01  1.249001E-15
      3554 -2.610906E-16  1.263798E-01 -1.060957E-14
      3555  1.879441E-16  8.053373E-02  1.111611E-14
      3556 -2.998463E-16  1.298023E-01  4.198031E-15
      3557  1.332704E-17  9.473585E-02 -1.304165E-14
      3558 -1.043517E-16  8.088994E-02  1.703845E-14
      3559 -3.803457E-14  1.257495E-01 -1.518230E-14
      3560 -9.600353E-17  7.244279E-02 -4.947431E-15
      3561 -1.074396E-13 -3.838668E-02  2.851885E-15
      3880  6.274518E-17  1.158875E-01 -1.001976E-14
      3881 -1.111905E-14 -8.994562E-02 -9.589551E-15
      3882 -6.103279E-14 -9.209945E-03  2.775558E-17
      3883 -5.636705E-15  9.461094E-02  3.191891E-16
      3884 -2.910383E-14  3.315805E-02  1.730560E-14
      3886 -1.930723E-16  1.128112E-01  4.579670E-16
      3887  2.913764E-16  1.667833E-01 -7.740336E-15
      3888 -3.865359E-14  1.418109E-02 -1.081774E-14
      3889  4.465367E-17  4.922659E-02  7.452372E-15
      4008  5.671892E-14 -8.494110E-02  1.260537E-14
      4026 -1.719233E-14  9.401893E-03  4.832940E-15

 total force (fx,fy,fz) for set CENTER and time  0.1750000E+00

       -5.607846E-14 -8.060380E-01  9.566892E-15

                                INCREMENT     4


 forces (fx,fy,fz) for set CENTER and time  0.2875000E+00

       200  3.250204E-14 -8.999277E-01 -2.484124E-15
       201 -4.970398E-16 -7.528465E-01 -3.747003E-16
       202  9.153276E-14 -1.010473E+00 -3.802514E-15
       599 -3.518692E-14 -1.781298E-01  7.395126E-15
       600  5.554132E-17 -4.185200E-02 -1.528291E-14
       601  2.086490E-14 -1.747815E-01 -3.256770E-14
      1562  4.606626E-17  1.654757E-01  4.361095E-15
      1809  1.183418E-14 -7.350801E-01 -5.009881E-15
      1810 -8.981121E-14  1.298902E-01  3.566461E-14
      1811  9.169058E-17  2.136203E-01 -1.477637E-14
      2087  7.110522E-14 -8.299832E-01  6.959711E-15
      2315 -6.449070E-15 -4.668173E-03 -1.241498E-14
      2320  1.211319E-13  2.442615E-01  2.018524E-14
      2321  1.494584E-16 -2.109427E-02  2.316203E-14
      2322 -9.561162E-18  2.144971E-01 -1.081600E-14
      2323  1.115089E-16  9.809428E-02 -1.157408E-14
      2324 -1.808643E-18  2.827357E-01 -8.939030E-15
      2802 -9.550909E-14 -1.198553E-02  1.051242E-15
      2805 -3.666036E-16  1.534769E-01 -4.635181E-15
      3544  1.298761E-14  1.647289E-02  1.289940E-14
      3546  6.766298E-14 -2.207810E-01 -1.940115E-14
      3552  9.178119E-14  1.048182E-01 -3.913536E-15
      3553 -5.135606E-17  1.857678E-01  1.995626E-14
      3554  1.157468E-16  2.059775E-01 -3.022582E-14
      3555 -2.915638E-16  1.312237E-01  2.317591E-15
      3556  6.119404E-16  2.114121E-01  7.494005E-15
      3557  2.594419E-16  1.544262E-01  1.146305E-14
      3558 -3.708085E-16  1.318312E-01 -2.981643E-14
      3559  1.696713E-14  2.053589E-01 -1.758316E-14
      3560 -2.608746E-16  1.180905E-01  7.868706E-15
      3561 -2.298745E-13 -6.240716E-02  2.099709E-14
      3880 -9.302677E-17  1.886911E-01  1.157408E-14
      3881  2.458740E-15 -1.463423E-01 -6.286638E-15
      3882 -6.909588E-14 -1.495354E-02  1.423861E-14
      3883 -1.083882E-13  1.541029E-01  8.548717E-15
      3884  3.298688E-14  5.471747E-02  1.219164E-14
      3886 -8.820300E-17  1.838906E-01 -1.637579E-15
      3887 -1.692128E-16  2.718638E-01  3.566591E-15
      3888 -3.198253E-14  2.407996E-02 -2.742251E-14
      3889  1.709344E-16  8.024944E-02  5.963979E-15
      4008  5.391881E-14 -1.367517E-01  2.248375E-14
      4026  1.382162E-13  1.617253E-02  9.169748E-15

 total force (fx,fy,fz) for set CENTER and time  0.2875000E+00

        9.906533E-14 -1.300859E+00  1.054799E-14

                                INCREMENT     5


 forces (fx,fy,fz) for set CENTER and time  0.4562500E+00

       200  1.100612E-15 -1.410073E+00  3.651246E-14
       201  1.047052E-15 -1.180177E+00  4.718448E-14
       202  1.276599E-13 -1.583260E+00  1.119244E-14
       599  5.462541E-14 -2.793227E-01  3.253647E-14
       600  1.440281E-16 -6.580647E-02 -3.231443E-14
       601 -3.414858E-14 -2.732936E-01 -2.208997E-14
      1562 -7.600681E-17  2.595398E-01 -2.896294E-14
      1809  1.281113E-13 -1.148983E+00 -1.179612E-14
      1810 -2.196440E-13  2.035798E-01 -9.280771E-16
      1811 -7.441317E-17  3.347329E-01 -9.960782E-15
      2087 -1.939937E-13 -1.295962E+00  1.749989E-14
      2315  6.300614E-14 -5.226114E-03 -4.059882E-14
      2320  1.294274E-13  3.824513E-01  3.004541E-14
      2321 -1.251252E-16 -3.329702E-02  3.847443E-14
      2322 -4.732951E-17  3.362416E-01 -5.488665E-14
      2323  1.288184E-17  1.538730E-01 -1.948441E-14
      2324  8.644934E-17  4.433854E-01  3.190503E-14
      2802  1.162846E-14 -1.762152E-02 -9.298118E-16
      2805 -4.915445E-17  2.403519E-01 -9.187096E-15
      3544 -9.174264E-14  2.725899E-02  1.607048E-14
      3546  1.935970E-13 -3.428648E-01 -1.279532E-14
      3552 -2.836053E-13  1.642784E-01 -6.716849E-15
      3553  1.580221E-16  2.912785E-01  1.328104E-14
      3554  8.484969E-16  3.230157E-01 -2.742251E-14
      3555  5.797393E-16  2.057087E-01 -1.813827E-14
      3556 -7.176063E-18  3.311933E-01  2.323142E-14
      3557 -1.641626E-16  2.422265E-01 -1.694478E-14
      3558 -5.917696E-16  2.067252E-01  7.771561E-15
      3559 -2.894796E-13  3.230144E-01 -2.123302E-14
      3560  6.566051E-16  1.852402E-01  1.804112E-14
      3561  1.228338E-13 -9.747946E-02  4.690692E-15
      3880  6.999957E-16  2.954548E-01 -1.842970E-14
      3881  2.809395E-13 -2.288717E-01 -3.930190E-14
      3882 -2.573854E-13 -2.329667E-02  2.811640E-14
      3883  2.176792E-13  2.414375E-01 -1.554312E-14
      3884 -3.467544E-14  8.741028E-02  3.498590E-14
      3886  2.220023E-16  2.884442E-01  3.753942E-15
      3887  3.021460E-16  4.264242E-01  5.404704E-14
      3888  9.326715E-14  4.004421E-02 -4.739611E-14
      3889  2.546273E-16  1.258917E-01 -2.121914E-14
      4008  1.204730E-13 -2.105214E-01  4.492587E-14
      4026 -1.614402E-13  2.735905E-02  3.119727E-14

 total force (fx,fy,fz) for set CENTER and time  0.4562500E+00

       -1.788918E-14 -2.009496E+00  4.918353E-14

                                INCREMENT     6


 forces (fx,fy,fz) for set CENTER and time  0.6562500E+00

       200  2.816425E-14 -1.997729E+00 -1.464107E-14
       201  8.360721E-16 -1.672943E+00 -1.360023E-14
       202  1.799018E-13 -2.243072E+00  2.026157E-15
       599 -4.367288E-14 -3.963836E-01  1.876624E-14
       600 -7.138754E-16 -9.382929E-02  4.403422E-14
       601  9.567155E-15 -3.866257E-01  2.470940E-14
      1562 -5.546300E-16  3.682016E-01  8.434226E-15
      1809 -3.239630E-13 -1.623137E+00 -5.198619E-14
      1810 -1.973937E-13  2.885763E-01  7.745107E-15
      1811 -7.790571E-16  4.743773E-01 -4.498485E-14
      2087 -1.045877E-13 -1.828473E+00 -4.635181E-14
      2315  1.356301E-13 -3.938568E-03  8.700072E-15
      2320  2.612926E-13  5.415343E-01 -3.679002E-14
      2321 -5.304040E-16 -4.771905E-02  1.647640E-14
      2322 -1.516183E-16  4.767227E-01  3.913102E-14
      2323  4.869910E-16  2.183217E-01 -5.299927E-14
      2324  6.328357E-16  6.289035E-01  4.753142E-15
      2802  7.789478E-15 -2.309855E-02 -3.238382E-14
      2805 -3.110954E-16  3.403373E-01 -8.326673E-15
      3544  1.027333E-13  4.107391E-02 -3.247402E-15
      3546  2.435709E-13 -4.805858E-01  5.578871E-15
      3552  1.803037E-13  2.328704E-01  4.840572E-14
      3553 -2.631567E-16  4.130728E-01  7.466250E-14
      3554  3.646496E-16  4.581634E-01 -7.488454E-14
      3555 -1.675284E-15  2.916438E-01  1.859624E-15
      3556  8.929074E-16  4.691657E-01 -1.740275E-14
      3557  1.599448E-16  3.436639E-01 -2.001177E-14
      3558 -7.288029E-16  2.931934E-01 -1.329492E-14
      3559 -1.357464E-13  4.598072E-01 -4.965472E-14
      3560 -1.639595E-16  2.628275E-01  2.668699E-14
      3561 -4.435372E-13 -1.375652E-01  1.598721E-14
      3880  6.742302E-16  4.182755E-01  5.120904E-14
      3881 -1.938057E-13 -3.235190E-01  1.701417E-14
      3882  4.075470E-14 -3.273951E-02  2.403633E-14
      3883  1.888685E-13  3.420698E-01  1.976197E-14
      3884 -1.211814E-13  1.267035E-01  4.363176E-14
      3886 -2.280359E-16  4.092384E-01 -1.575129E-14
      3887 -8.209199E-16  6.049844E-01  1.328104E-14
      3888  3.301276E-13  6.064675E-02 -3.161360E-14
      3889 -3.534402E-16  1.786384E-01 -1.290634E-15
      4008  7.037444E-14 -2.920820E-01  6.214126E-14
      4026 -2.167821E-14  4.216009E-02 -1.799949E-14

 total force (fx,fy,fz) for set CENTER and time  0.6562500E+00

        1.902857E-13 -2.798265E+00  3.181743E-14

                                INCREMENT     7


 forces (fx,fy,fz) for set CENTER and time  0.8562500E+00

       200 -2.100698E-13 -2.567344E+00  5.187517E-14
       201 -8.920953E-16 -2.151099E+00  7.530088E-14
       202  9.675445E-14 -2.882641E+00 -6.522560E-15
       599 -8.178029E-14 -5.106814E-01 -1.426984E-14
       600 -6.113245E-16 -1.216716E-01 -5.803691E-14
       601  5.918471E-15 -4.967286E-01 -8.346795E-14
      1562 -1.235609E-15  4.739176E-01 -7.857603E-14
      1809 -5.656816E-14 -2.079919E+00  5.245804E-15
      1810  1.152398E-13  3.711407E-01  1.170678E-14
      1811 -1.353192E-15  6.099941E-01  2.907397E-14
      2087  2.243267E-13 -2.340075E+00 -4.735101E-14
      2315 -8.709622E-14 -6.741581E-04  5.534332E-14
      2320  1.697278E-13  6.957892E-01  7.160245E-14
      2321 -7.181262E-16 -6.222848E-02  6.333822E-14
      2322 -1.958154E-16  6.132472E-01 -8.938206E-14
      2323 -1.062985E-16  2.810349E-01  1.841582E-14
      2324  8.399270E-16  8.093293E-01 -3.907985E-14
      2802  5.060714E-13 -2.740657E-02 -2.595840E-14
      2805  9.226483E-16  4.371905E-01 -5.265233E-14
      3544  2.666890E-13  5.597269E-02  4.997391E-14
      3546 -7.916695E-13 -6.109571E-01 -2.553513E-14
      3552  3.539902E-13  2.995232E-01  4.560241E-14
      3553 -9.053620E-16  5.314608E-01  1.496026E-14
      3554 -2.236231E-15  5.895820E-01 -1.030842E-13
      3555 -2.130202E-15  3.751254E-01  5.181966E-14
      3556  2.583596E-15  6.029477E-01  1.332268E-15
      3557 -3.518511E-16  4.423583E-01 -9.142687E-14
      3558  2.398654E-16  3.772594E-01  2.695066E-14
      3559  1.763365E-14  5.938386E-01  3.791412E-14
      3560 -1.216923E-15  3.383251E-01  3.572143E-14
      3561 -3.638321E-13 -1.760532E-01  6.450396E-14
      3880 -2.853976E-16  5.371766E-01 -1.718070E-14
      3881  6.212846E-13 -4.147921E-01  2.556289E-14
      3882 -1.532595E-13 -4.166828E-02 -5.428991E-14
      3883 -1.638569E-13  4.396952E-01 -4.146683E-14
      3884  2.968490E-13  1.665880E-01  4.539424E-14
      3886  6.589692E-16  5.267683E-01  9.076073E-15
      3887 -3.012910E-16  7.787124E-01  7.900625E-14
      3888  4.633958E-13  8.300781E-02 -6.525336E-14
      3889  1.467375E-16  2.299755E-01  5.620504E-15
      4008 -2.105911E-13 -3.676233E-01  4.118580E-14
      4026  1.453676E-13  5.855986E-02 -1.938727E-14

 total force (fx,fy,fz) for set CENTER and time  0.8562500E+00

        1.157377E-12 -3.533043E+00  3.605623E-15

                                INCREMENT     8


 forces (fx,fy,fz) for set CENTER and time  0.1000000E+01

       200 -1.309760E-13 -2.965838E+00  4.615752E-14
       201  4.551073E-16 -2.485913E+00  8.726353E-14
       202  6.607423E-14 -3.330092E+00 -7.449596E-14
       599  4.202956E-14 -5.913457E-01 -1.484923E-14
       600  2.146388E-16 -1.417077E-01 -6.462886E-14
       601  3.718461E-13 -5.741713E-01  3.838596E-14
      1562 -8.298869E-17  5.481539E-01 -4.092560E-14
      1809 -1.457065E-13 -2.397759E+00  6.217249E-15
      1810 -7.406327E-14  4.290476E-01 -4.377488E-14
      1811 -5.510098E-17  7.051059E-01 -5.043882E-14
      2087 -2.719002E-13 -2.695201E+00  1.039724E-13
      2315 -1.201854E-14  2.810204E-03 -1.192189E-14
      2320 -4.796184E-14  8.038449E-01  6.487866E-14
      2321  1.457841E-16 -7.279288E-02  7.750744E-14
      2322  8.523825E-17  7.090402E-01 -9.370456E-14
      2323  3.445484E-16  3.250789E-01 -7.327472E-15
      2324 -1.621503E-17  9.359925E-01  1.711131E-14
      2802 -4.400845E-13 -2.986404E-02  7.856216E-14
      2805 -4.770286E-16  5.049301E-01 -4.363176E-14
      3544 -5.922691E-14  6.733078E-02 -8.457124E-14
      3546 -8.616886E-13 -7.002502E-01  3.663736E-15
      3552 -1.404841E-13  3.462947E-01 -4.468648E-14
      3553 -5.904148E-16  6.145269E-01  7.960299E-14
      3554  9.994387E-16  6.818222E-01 -5.367928E-14
      3555 -8.887180E-16  4.336680E-01 -5.462297E-14
      3556 -2.993042E-16  6.966020E-01 -1.620926E-14
      3557  1.770226E-16  5.116644E-01 -3.766432E-14
      3558 -1.076283E-15  4.362530E-01 -1.137979E-15
      3559  2.220817E-13  6.885413E-01 -4.185541E-14
      3560  3.748887E-16  3.913470E-01  1.413869E-13
      3561  5.542894E-15 -2.027347E-01  9.353629E-14
      3880  4.241060E-16  6.202842E-01  5.551115E-17
      3881  3.324459E-13 -4.783466E-01  5.551115E-15
      3882  2.130537E-14 -4.774844E-02  1.804112E-15
      3883 -2.790510E-13  5.080763E-01 -3.330669E-15
      3884 -1.961978E-13  1.956218E-01  1.654232E-14
      3886 -1.693428E-16  6.093029E-01 -2.092770E-14
      3887  4.997550E-16  9.007096E-01  1.064010E-13
      3888  4.486552E-14  1.001276E-01 -8.193446E-14
      3889 -1.867986E-16  2.660366E-01 -3.194667E-14
      4008  1.807565E-13 -4.184138E-01  8.772844E-14
      4026  3.039607E-13  7.129039E-02  5.424827E-14

 total force (fx,fy,fz) for set CENTER and time  0.1000000E+01

       -1.068572E-12 -4.028675E+00  1.923114E-13
