
                        S T E P       1


                                INCREMENT     1


 forces (fx,fy,fz) for set CENTER and time  0.5000000E-01

       200  1.783359E-07 -2.409194E+00  2.248202E-15
       201 -1.442778E-07 -2.018278E+00  1.770806E-14
       202  1.667192E-07 -2.705075E+00 -2.281508E-14
       599  1.345445E-07 -4.790054E-01 -1.122019E-14
       600 -3.604970E-08 -1.139739E-01 -1.337125E-14
       601  6.244022E-07 -4.663342E-01 -9.251627E-14
      1562 -3.859933E-07  4.445549E-01 -3.848658E-14
      1809 -3.706556E-06 -1.953417E+00  7.890910E-14
      1810  3.543971E-07  3.482274E-01 -1.212398E-14
      1811 -3.977404E-07  5.723731E-01  3.234912E-14
      2087  3.966158E-06 -2.198553E+00  1.779132E-14
      2315 -1.453281E-06 -1.829180E-03 -2.274786E-14
      2320  4.738260E-07  6.530393E-01  1.252540E-13
      2321 -2.325229E-07 -5.820898E-02  2.000136E-14
      2322 -6.378423E-08  5.753535E-01 -6.840101E-14
      2323  1.523921E-07  2.636134E-01 -6.177003E-14
      2324  3.651239E-07  7.592248E-01  6.419865E-14
      2802 -1.302150E-06 -2.636410E-02  5.512257E-14
      2805 -3.584234E-07  4.103234E-01 -2.581269E-15
      3544 -7.647810E-07  5.167948E-02 -1.007527E-14
      3546 -2.650240E-06 -5.751039E-01 -7.233103E-14
      3552 -3.369586E-06  2.810335E-01  4.304890E-14
      3553  9.340806E-08  4.985856E-01  2.642331E-14
      3554 -3.686991E-07  5.530830E-01 -5.423439E-14
      3555 -4.197620E-08  3.519480E-01  7.327472E-15
      3556  3.664624E-07  5.658264E-01 -1.831868E-14
      3557 -4.319460E-08  4.149421E-01  5.243028E-14
      3558 -9.272994E-08  3.539130E-01 -5.093148E-14
      3559  7.032704E-07  5.565104E-01 -3.375078E-14
      3560 -1.902704E-07  3.173518E-01  6.919465E-14
      3561 -3.796844E-06 -1.653909E-01 -2.597922E-14
      3880  3.196871E-07  5.041954E-01  0.000000E+00
      3881  3.745267E-06 -3.894920E-01  2.997602E-15
      3882  3.806098E-06 -3.918953E-02  2.930989E-14
      3883 -7.682343E-07  4.126077E-01  2.034484E-14
      3884  7.894991E-07  1.553385E-01  1.060263E-14
      3886  1.019673E-07  4.941200E-01 -4.626854E-14
      3887 -3.349825E-07  7.304552E-01 -2.396694E-14
      3888  1.015380E-06  7.654310E-02 -2.915723E-14
      3889 -8.133803E-08  2.157130E-01  4.138356E-14
      4008  9.679411E-07 -3.471151E-01  5.186476E-14
      4026 -1.001633E-06  5.378009E-02 -7.854828E-15

 total force (fx,fy,fz) for set CENTER and time  0.5000000E-01

       -3.260409E-06 -3.332189E+00  4.960832E-14

                                INCREMENT     2


 forces (fx,fy,fz) for set CENTER and time  0.1000000E+00

       200  1.684280E-11 -4.534421E+00 -1.354472E-14
       201 -9.618815E-12 -3.806196E+00  3.502754E-14
       202  7.631404E-12 -5.091755E+00 -4.593548E-14
       599  1.759766E-10 -9.183338E-01 -7.509271E-14
       600 -3.261655E-11 -2.278567E-01 -2.675637E-14
       601  2.757315E-11 -8.872071E-01 -2.010891E-13
      1562 -6.013051E-11  8.434823E-01 -7.703560E-14
      1809 -2.097842E-10 -3.634186E+00 -1.443290E-14
      1810  1.278304E-10  6.589116E-01 -1.035144E-13
      1811 -7.619473E-11  1.082892E+00  6.472600E-14
      2087  1.676430E-10 -4.069247E+00  9.436896E-16
      2315 -2.618693E-10  2.628075E-02  3.152860E-15
      2320  6.316831E-11  1.232288E+00  3.127359E-13
      2321 -2.339539E-11 -1.194997E-01  3.999578E-14
      2322 -1.224045E-11  1.089681E+00 -1.368801E-13
      2323  2.365430E-11  5.003061E-01 -1.234568E-13
      2324  5.632082E-11  1.439624E+00  1.284944E-13
      2802 -3.599399E-10 -3.573236E-02  1.739442E-13
      2805 -3.054502E-11  7.717950E-01 -4.996004E-15
      3544 -1.004227E-10  1.203133E-01 -6.689094E-15
      3546 -2.127900E-10 -1.035218E+00 -1.354472E-13
      3552 -1.860380E-10  5.323459E-01  7.827072E-14
      3553  9.399608E-12  9.443031E-01  5.256906E-14
      3554 -5.315263E-11  1.048294E+00 -1.082467E-13
      3555 -8.126936E-12  6.657933E-01  1.454392E-14
      3556  3.684866E-11  1.066402E+00 -3.674838E-14
      3557 -1.038372E-11  7.873219E-01  1.052214E-13
      3558 -1.305402E-11  6.705312E-01 -1.025569E-13
      3559  8.319929E-11  1.070377E+00 -6.739054E-14
      3560 -2.810567E-11  6.022807E-01  1.379452E-13
      3561 -1.966299E-10 -3.053021E-01 -5.356826E-14
      3880  2.114047E-11  9.470948E-01 -3.885781E-16
      3881  1.824909E-10 -7.257249E-01  4.063416E-14
      3882  2.003230E-10 -6.972990E-02  7.277512E-14
      3883  1.662690E-11  7.785557E-01  4.107825E-14
      3884  7.518515E-11  3.201970E-01  5.886958E-14
      3886  1.262606E-11  9.375970E-01 -9.253709E-14
      3887 -4.917851E-11  1.385982E+00 -4.815592E-14
      3888  7.755690E-11  1.804605E-01 -1.007805E-13
      3889 -1.488906E-11  4.095607E-01  8.307244E-14
      4008  8.200705E-11 -6.022920E-01  1.487213E-13
      4026 -1.301619E-10  1.322511E-01 -5.205558E-14

 total force (fx,fy,fz) for set CENTER and time  0.1000000E+00

       -6.152229E-10 -5.817779E+00 -3.457738E-14

                                INCREMENT     3


 forces (fx,fy,fz) for set CENTER and time  0.1750000E+00

       200  1.512965E-10 -7.259032E+00  9.325873E-14
       201 -8.722164E-11 -6.107201E+00  2.189360E-13
       202  6.812850E-11 -8.155706E+00  6.111778E-14
       599  1.612646E-09 -1.567867E+00  2.197825E-13
       600 -2.976289E-10 -4.383149E-01  6.536438E-14
       601  2.279403E-10 -1.521344E+00 -2.036704E-13
      1562 -5.349144E-10  1.378420E+00  7.185919E-14
      1809 -1.888561E-09 -5.719469E+00  1.039169E-13
      1810  1.176774E-09  1.074490E+00  7.756643E-14
      1811 -6.852714E-10  1.770119E+00 -3.977374E-14
      2087  1.511455E-09 -6.354702E+00  1.575962E-13
      2315 -2.396872E-09  1.021261E-01  2.031951E-13
      2320  5.677116E-10  2.012492E+00  1.018907E-13
      2321 -2.130006E-10 -2.412172E-01  7.802092E-14
      2322 -1.076318E-10  1.779912E+00 -3.211077E-13
      2323  2.104727E-10  8.173265E-01  1.179612E-14
      2324  5.028106E-10  2.351291E+00 -2.789435E-15
      2802 -3.311924E-09 -4.133545E-02 -3.185785E-13
      2805 -2.768740E-10  1.240742E+00 -1.809664E-13
      3544 -9.203591E-10  2.507395E-01  8.271162E-14
      3546 -1.937515E-09 -1.545086E+00 -2.647882E-13
      3552 -1.660625E-09  8.726793E-01 -3.297362E-14
      3553  8.554896E-11  1.537642E+00  1.798561E-14
      3554 -4.731739E-10  1.708891E+00 -1.684208E-13
      3555 -7.290369E-11  1.081951E+00  1.761924E-13
      3556  3.340733E-10  1.721011E+00  6.639134E-14
      3557 -9.105693E-11  1.285610E+00 -2.067235E-13
      3558 -1.150496E-10  1.092251E+00  2.694511E-13
      3559  7.416990E-10  1.784632E+00 -1.648681E-13
      3560 -2.486578E-10  9.837690E-01 -8.137935E-14
      3561 -1.762051E-09 -4.683588E-01  8.437695E-15
      3880  1.920627E-10  1.517125E+00 -1.613154E-13
      3881  1.632292E-09 -1.140569E+00 -1.721956E-13
      3882  1.796211E-09 -9.309663E-02 -2.109424E-14
      3883  1.447827E-10  1.261082E+00  6.550316E-15
      3884  6.704163E-10  5.875461E-01  1.638134E-13
      3886  1.134174E-10  1.531216E+00  7.382983E-15
      3887 -4.352464E-10  2.263868E+00 -1.256495E-13
      3888  6.967011E-10  3.785498E-01 -1.728895E-13
      3889 -1.315697E-10  6.694581E-01  1.210143E-13
      4008  7.332727E-10 -8.725853E-01  2.856257E-13
      4026 -1.185188E-09  2.851884E-01 -1.693090E-15

 total force (fx,fy,fz) for set CENTER and time  0.1750000E+00

       -5.663584E-09 -8.185760E+00  2.898029E-14

                                INCREMENT     4


 forces (fx,fy,fz) for set CENTER and time  0.2875000E+00

       200  1.232383E-09 -1.057616E+01 -4.352074E-14
       201 -6.624562E-10 -8.909977E+00 -1.154632E-14
       202  4.631739E-10 -1.190780E+01 -6.550316E-14
       599  1.375747E-08 -2.761551E+00  1.183498E-13
       600 -2.538440E-09 -9.883050E-01 -2.444711E-13
       601  1.101572E-09 -2.801059E+00 -4.681810E-13
      1562 -3.941713E-09  2.123589E+00  6.824402E-14
      1809 -1.429723E-08 -8.145673E+00 -5.129230E-14
      1810  9.909240E-09  1.660515E+00  5.732081E-13
      1811 -5.366528E-09  2.765918E+00 -2.381983E-13
      2087  1.094300E-08 -8.956584E+00  6.461498E-13
      2315 -2.008481E-08  2.170383E-01 -1.562361E-13
      2320  4.347793E-09  3.169410E+00  3.230194E-13
      2321 -1.741921E-09 -5.784134E-01  3.705647E-13
      2322 -8.169035E-10  2.759126E+00 -1.750544E-13
      2323  1.493894E-09  1.255643E+00 -1.835199E-13
      2324  3.618778E-09  3.623599E+00 -1.413175E-13
      2802 -2.827098E-08 -1.126045E-01  1.698641E-14
      2805 -2.134720E-09  1.849150E+00 -7.083223E-14
      3544 -7.766469E-09  4.986665E-01  2.050027E-13
      3546 -1.557658E-08 -2.025043E+00 -3.003153E-13
      3552 -1.197765E-08  1.374294E+00  2.541301E-13
      3553  6.070886E-10  2.350307E+00  3.139711E-13
      3554 -3.442184E-09  2.616226E+00 -4.796163E-13
      3555 -5.774898E-10  1.647828E+00  3.330669E-14
      3556  2.511876E-09  2.585951E+00  1.185718E-13
      3557 -6.653585E-10  1.973071E+00  1.882938E-13
      3558 -8.272414E-10  1.669647E+00 -4.861667E-13
      3559  5.285953E-09  2.823615E+00 -1.487699E-13
      3560 -1.770257E-09  1.510483E+00  1.192380E-13
      3561 -1.242171E-08 -6.092672E-01  2.573497E-13
      3880  1.419767E-09  2.239017E+00  1.817435E-13
      3881  1.128118E-08 -1.599125E+00  1.365574E-14
      3882  1.289344E-08 -5.324803E-02 -8.859580E-14
      3883  1.158015E-09  1.915759E+00  1.401101E-13
      3884  4.862231E-09  1.049204E+00 -6.283862E-14
      3886  7.897846E-10  2.351129E+00 -2.620126E-14
      3887 -3.162888E-09  3.479536E+00  5.173639E-14
      3888  5.271029E-09  7.459301E-01 -2.722822E-13
      3889 -9.496857E-10  1.029107E+00  1.008083E-13
      4008  5.592540E-09 -1.234985E+00  5.055817E-13
      4026 -9.770309E-09  5.612031E-01  7.660539E-14

 total force (fx,fy,fz) for set CENTER and time  0.2875000E+00

       -5.022332E-08 -9.414826E+00  9.621678E-13

                                INCREMENT     5


 forces (fx,fy,fz) for set CENTER and time  0.4562500E+00

       200  7.242088E-09 -1.488463E+01  3.637091E-13
       201 -5.088809E-09 -1.248814E+01  7.438494E-13
       202  5.433704E-09 -1.687227E+01  2.402523E-13
       599  3.763592E-08 -5.922632E+00  5.208056E-13
       600 -6.853796E-09 -2.857482E+00 -5.169198E-13
       601  3.065089E-08 -6.624029E+00 -3.657075E-13
      1562 -3.174826E-08  3.437159E+00 -4.689305E-13
      1809 -1.263149E-07 -1.125694E+01 -8.593126E-14
      1810  3.994622E-08  2.741979E+00 -7.301382E-13
      1811 -2.952613E-08  4.709838E+00 -1.704192E-13
      2087  1.143675E-07 -1.229382E+01  6.427081E-13
      2315 -9.377425E-08  1.326565E-01 -5.140333E-13
      2320  2.693596E-08  5.563820E+00  1.155964E-12
      2321 -7.109108E-09 -1.743633E+00  6.154521E-13
      2322 -4.673031E-09  4.578005E+00 -8.863466E-13
      2323  1.539838E-08  2.013004E+00 -3.067824E-13
      2324  3.481522E-08  5.885444E+00  5.161149E-13
      2802 -9.411006E-08 -6.522455E-01 -1.443290E-14
      2805 -1.461952E-08  2.811921E+00 -1.394440E-13
      3544 -4.211652E-08  9.641719E-01  2.536304E-13
      3546 -1.075901E-07 -2.538325E+00 -2.595701E-13
      3552 -1.196296E-07  2.384091E+00 -1.072475E-13
      3553  7.086531E-09  3.742887E+00  2.002842E-13
      3554 -3.131433E-08  4.173165E+00 -4.325429E-13
      3555 -2.840731E-09  2.608691E+00 -2.984279E-13
      3556  2.078848E-08  3.996376E+00  3.683720E-13
      3557 -5.254433E-09  3.156628E+00 -2.592371E-13
      3558 -7.558475E-09  2.656095E+00  1.044720E-13
      3559  6.264114E-08  4.675267E+00 -3.963496E-13
      3560 -1.770577E-08  2.417650E+00  2.730038E-13
      3561 -1.447775E-07 -5.917602E-01  3.752554E-14
      3880  1.318033E-08  3.323818E+00 -3.008704E-13
      3881  1.441591E-07 -2.060584E+00 -3.392842E-13
      3882  1.346706E-07  2.656556E-01  2.098322E-13
      3883  1.607084E-08  3.044228E+00 -2.411404E-13
      3884  5.330065E-08  1.947059E+00  5.633827E-13
      3886  9.604292E-09  3.766445E+00  5.945244E-14
      3887 -2.723358E-08  5.592079E+00  8.497925E-13
      3888  5.596215E-08  1.377972E+00 -7.587472E-13
      3889 -8.454753E-09  1.649730E+00 -3.256839E-13
      4008  5.769808E-08 -2.437017E+00  3.380074E-13
      4026 -6.312836E-08  9.739118E-01  3.609335E-13

 total force (fx,fy,fz) for set CENTER and time  0.4562500E+00

       -1.038339E-07 -8.633765E+00  4.993575E-13

                                INCREMENT     6


 forces (fx,fy,fz) for set CENTER and time  0.6562500E+00

       200  4.175554E-11 -2.076987E+01  8.451018E-13
       201 -1.836827E-11 -1.719520E+01  4.674039E-13
       202  1.435966E-11 -2.382685E+01 -2.741141E-13
       599  5.704363E-10 -1.322436E+01  6.484813E-13
       600 -1.030793E-10 -7.500545E+00 -9.046097E-13
       601  1.468097E-11 -1.602033E+01 -4.631850E-13
      1562 -1.478298E-10  5.833737E+00 -2.534639E-13
      1809 -3.920729E-10 -1.596171E+01 -2.975398E-13
      1810  3.880695E-10  4.811778E+00 -1.086686E-12
      1811 -1.912249E-10  8.588009E+00 -4.689582E-13
      2087  2.973712E-10 -1.765488E+01  1.131317E-12
      2315 -7.091405E-10 -8.618379E-01  2.817746E-13
      2320  1.555201E-10  1.056369E+01  1.827871E-12
      2321 -3.023100E-11 -4.629296E+00  1.040057E-12
      2322 -2.334836E-11  8.065098E+00 -8.617551E-13
      2323  6.652408E-11  3.367095E+00 -1.526557E-16
      2324  1.595395E-10  1.005129E+01 -1.182388E-13
      2802 -1.030999E-09 -2.488620E+00 -3.905765E-13
      2805 -6.370027E-11  4.473309E+00 -8.062440E-13
      3544 -2.269631E-10  1.582059E+00 -3.139156E-13
      3546 -4.532403E-10 -3.629628E+00 -4.423129E-13
      3552 -3.463821E-10  4.441795E+00  2.220446E-14
      3553  3.028793E-11  6.233106E+00  4.110046E-13
      3554 -1.312691E-10  6.951804E+00  3.823608E-13
      3555 -1.689025E-11  4.320795E+00  4.998224E-13
      3556  9.310067E-11  6.468679E+00 -6.217249E-15
      3557 -2.282987E-11  5.267302E+00  1.332268E-13
      3558 -2.842519E-11  4.413733E+00 -7.476242E-13
      3559  2.192740E-10  7.901490E+00  3.441691E-14
      3560 -6.906639E-11  4.034943E+00 -4.451994E-14
      3561 -3.725361E-10 -2.274471E-01  2.691181E-13
      3880  4.754327E-11  5.123244E+00 -1.114664E-13
      3881  3.406990E-10 -2.501241E+00 -8.713030E-13
      3882  3.910654E-10  1.193207E+00  3.594902E-13
      3883  1.009205E-10  5.108957E+00 -1.691980E-13
      3884  1.998304E-10  3.400054E+00 -1.451061E-13
      3886  3.973401E-11  6.297205E+00 -9.980905E-14
      3887 -1.141436E-10  9.395407E+00  6.825651E-13
      3888  1.910365E-10  2.059075E+00  5.615508E-13
      3889 -3.706082E-11  2.755138E+00 -9.636736E-14
      4008  2.068357E-10 -6.249118E+00  5.931922E-13
      4026 -3.355298E-10  1.224863E+00  2.076117E-13

 total force (fx,fy,fz) for set CENTER and time  0.6562500E+00

       -1.295746E-09 -8.814069E+00  1.425207E-12

                                INCREMENT     7


 forces (fx,fy,fz) for set CENTER and time  0.8562500E+00

       200  2.695768E-11 -2.858386E+01  5.855316E-13
       201 -1.417954E-11 -2.327481E+01  2.007283E-13
       202  1.605053E-11 -3.320003E+01 -4.483081E-13
       599  3.440933E-10 -2.522266E+01 -3.175238E-13
       600 -6.320282E-11 -1.517608E+01 -2.344791E-13
       601  1.990543E-11 -3.188293E+01 -2.740030E-13
      1562 -9.794493E-11  9.439500E+00 -9.769963E-14
      1809 -2.682255E-10 -2.307394E+01  9.414691E-14
      1810  2.338108E-10  8.007558E+00 -2.169820E-12
      1811 -1.246799E-10  1.468674E+01 -1.347367E-12
      2087  1.991682E-10 -2.623204E+01  7.966960E-13
      2315 -4.780122E-10 -3.355260E+00  2.784439E-13
      2320  9.596194E-11  1.858270E+01  7.895906E-13
      2321 -2.416718E-11 -9.372046E+00  8.471002E-13
      2322 -1.933016E-11  1.344986E+01  1.580958E-13
      2323  3.969450E-11  5.378813E+00 -6.085132E-13
      2324  9.404948E-11  1.635123E+01  1.393552E-12
      2802 -6.537838E-10 -6.097756E+00  4.458656E-13
      2805 -4.566909E-11  6.963946E+00  5.031531E-13
      3544 -1.555578E-10  2.091274E+00 -8.434919E-14
      3546 -3.006130E-10 -5.978901E+00 -5.928591E-13
      3552 -2.481886E-10  7.704408E+00 -1.039169E-12
      3553  1.588605E-11  9.943595E+00  9.778844E-13
      3554 -8.994471E-11  1.108156E+01 -1.811884E-13
      3555 -1.343644E-11  6.872401E+00 -4.132250E-13
      3556  5.828724E-11  1.016995E+01 -4.343192E-13
      3557 -1.821268E-11  8.399845E+00  2.281508E-13
      3558 -2.135364E-11  7.028161E+00 -4.354295E-13
      3559  1.352779E-10  1.247842E+01  1.061373E-13
      3560 -4.755308E-11  6.434620E+00  7.863710E-13
      3561 -2.695467E-10  4.897595E-01 -6.661338E-14
      3880  3.112252E-11  7.792946E+00  8.708589E-13
      3881  2.352865E-10 -2.989972E+00 -4.587442E-13
      3882  2.653302E-10  2.799974E+00  6.148415E-13
      3883  5.756366E-11  8.249330E+00 -2.429168E-13
      3884  1.212893E-10  5.172386E+00  3.721190E-13
      3886  2.102604E-11  1.006026E+01 -6.908848E-13
      3887 -7.956010E-11  1.507527E+01  3.563816E-13
      3888  1.310541E-10  2.334938E+00 -1.709743E-13
      3889 -2.539246E-11  4.391059E+00 -1.023945E-12
      4008  1.303532E-10 -1.384686E+01  1.689759E-12
      4026 -2.182203E-10  8.742277E-01  1.195932E-12

 total force (fx,fy,fz) for set CENTER and time  0.8562500E+00

       -1.004606E-09 -1.598241E+01  1.959009E-12

                                INCREMENT     8


 forces (fx,fy,fz) for set CENTER and time  0.1000000E+01

       200  1.351543E-07 -3.551722E+01  4.694023E-13
       201 -8.858217E-08 -2.860175E+01  1.023626E-12
       202  7.648229E-08 -4.157684E+01  4.902745E-13
       599  9.569755E-07 -3.686130E+01  1.345590E-13
       600 -1.779411E-07 -2.255197E+01 -1.265210E-12
       601  3.215226E-07 -4.749202E+01 -7.869261E-13
      1562 -4.592538E-07  1.279808E+01  9.934276E-13
      1809 -1.692580E-06 -2.998146E+01 -1.034728E-13
      1810  8.499457E-07  1.102309E+01 -6.274981E-13
      1811 -5.190633E-07  2.049796E+01 -8.055778E-13
      2087  1.411861E-06 -3.483744E+01  1.737943E-12
      2315 -1.824659E-06 -6.335684E+00  1.309175E-12
      2320  4.109546E-07  2.628676E+01  1.624478E-12
      2321 -1.580659E-07 -1.390779E+01 -1.776357E-15
      2322 -9.366755E-08  1.853531E+01  3.685940E-14
      2323  1.793731E-07  7.237170E+00 -1.634914E-12
      2324  4.149476E-07  2.223369E+01  1.671552E-12
      2802 -2.337865E-06 -9.991646E+00 -7.283063E-14
      2805 -2.571240E-07  9.297189E+00  1.285194E-12
      3544 -7.370513E-07  2.261450E+00 -7.460699E-14
      3546 -1.631228E-06 -8.729855E+00 -1.223466E-12
      3552 -1.610120E-06  1.082316E+01  9.161560E-13
      3553  7.409460E-08  1.337677E+01 -5.595524E-14
      3554 -4.452140E-07  1.489600E+01 -1.125766E-12
      3555 -6.610345E-08  9.234049E+00 -1.860734E-13
      3556  2.954541E-07  1.362106E+01  1.800782E-12
      3557 -8.861849E-08  1.129211E+01 -1.302458E-12
      3558 -1.115643E-07  9.446030E+00  4.113376E-13
      3559  6.761710E-07  1.654176E+01  8.231194E-13
      3560 -2.374589E-07  8.650195E+00  2.736700E-13
      3561 -1.787461E-06  1.212354E+00 -1.232792E-12
      3880  1.837304E-07  1.029187E+01 -1.429967E-12
      3881  1.659933E-06 -3.401915E+00 -1.303846E-12
      3882  1.718756E-06  4.381926E+00 -7.314149E-13
      3883  9.217114E-08  1.119574E+01 -2.300382E-13
      3884  6.026331E-07  6.516012E+00  8.434364E-13
      3886  9.435373E-08  1.353952E+01 -1.554312E-13
      3887 -3.936933E-07  2.034202E+01  4.800604E-13
      3888  6.244374E-07  2.064265E+00 -4.172218E-13
      3889 -1.193756E-07  5.897605E+00 -1.673106E-13
      4008  6.423663E-07 -2.211728E+01  6.199485E-13
      4026 -9.714348E-07  4.336608E-02  3.153033E-14

 total force (fx,fy,fz) for set CENTER and time  0.1000000E+01

       -4.386808E-06 -2.836769E+01  2.041978E-12
