
                        S T E P       1


                                INCREMENT     1


 forces (fx,fy,fz) for set CENTER and time  0.5000000E-01

       200  1.863581E-08 -1.391439E+00  2.053913E-14
       201 -1.488134E-08 -1.164560E+00  3.234912E-14
       202  1.702286E-08 -1.562339E+00 -9.978129E-15
       599  1.599698E-08 -2.756373E-01 -3.178881E-14
       600 -4.060102E-09 -6.493820E-02 -5.495604E-15
       601  6.486959E-08 -2.697220E-01 -9.114237E-15
      1562 -4.044109E-08  2.561032E-01 -3.378547E-14
      1809 -3.815244E-07 -1.133905E+00 -3.685940E-14
      1810  3.841376E-08  2.008901E-01 -2.555334E-14
      1811 -4.201448E-08  3.303145E-01  2.765843E-14
      2087  4.067895E-07 -1.279007E+00 -2.775558E-17
      2315 -1.528891E-07 -5.237481E-03 -5.153191E-14
      2320  4.971167E-08  3.774154E-01  2.886580E-14
      2321 -2.457865E-08 -3.285409E-02 -1.333482E-14
      2322 -6.706240E-09  3.317973E-01 -2.979756E-14
      2323  1.595296E-08  1.518348E-01 -5.106332E-14
      2324  3.823065E-08  4.375174E-01  5.499767E-14
      2802 -1.392514E-07 -1.743591E-02  9.726248E-14
      2805 -3.715333E-08  2.371820E-01 -8.215650E-15
      3544 -8.037911E-08  2.684558E-02 -1.897094E-14
      3546 -2.746108E-07 -3.384486E-01 -2.536860E-14
      3552 -3.461399E-07  1.621091E-01  4.299339E-14
      3553  9.701175E-09  2.874246E-01  3.382017E-14
      3554 -3.851115E-08  3.187401E-01 -7.255307E-14
      3555 -4.448156E-09  2.029887E-01  1.756928E-14
      3556  3.810425E-08  3.268216E-01  2.886580E-15
      3557 -4.568790E-09  2.390183E-01 -2.917111E-14
      3558 -9.670943E-09  2.039893E-01  3.677614E-15
      3559  7.315193E-08  3.187034E-01 -1.246225E-14
      3560 -1.986668E-08  1.827864E-01  4.878042E-14
      3561 -3.897567E-07 -9.620109E-02  5.717649E-15
      3880  3.297462E-08  2.915593E-01 -3.179401E-14
      3881  3.841054E-07 -2.258622E-01 -2.138567E-14
      3882  3.908915E-07 -2.299151E-02  2.906009E-14
      3883 -7.783465E-08  2.382502E-01 -1.623701E-15
      3884  8.170397E-08  8.619469E-02  1.555700E-14
      3886  1.062899E-08  2.846238E-01 -7.771561E-16
      3887 -3.501180E-08  4.207769E-01  3.196748E-14
      3888  1.049729E-07  3.942927E-02 -2.970887E-14
      3889 -8.542423E-09  1.242237E-01  1.262879E-15
      4008  1.001237E-07 -2.078867E-01  8.236467E-15
      4026 -1.046037E-07  2.692210E-02  2.147588E-14

 total force (fx,fy,fz) for set CENTER and time  0.5000000E-01

       -3.454628E-07 -1.984004E+00 -2.568388E-14

                                INCREMENT     2


 forces (fx,fy,fz) for set CENTER and time  0.1000000E+00

       200  2.568509E-13 -2.689582E+00  2.317591E-14
       201 -9.779068E-14 -2.253777E+00  6.447620E-14
       202  3.473265E-13 -3.019894E+00 -2.009504E-14
       599  1.802883E-12 -5.353541E-01 -3.723410E-14
       600 -3.418298E-13 -1.277618E-01 -1.099815E-14
       601  5.183129E-13 -5.204358E-01 -1.919992E-14
      1562 -6.284484E-13  4.966629E-01 -6.757789E-14
      1809 -2.389955E-12 -2.177569E+00 -1.506018E-13
      1810  1.328291E-12  3.888889E-01 -5.108847E-14
      1811 -7.965444E-13  6.391453E-01  5.533768E-14
      2087  1.369866E-12 -2.449258E+00 -1.098843E-13
      2315 -2.697020E-12  2.888812E-04 -6.568530E-14
      2320  4.953526E-13  7.289181E-01  5.771772E-14
      2321 -2.429516E-13 -6.542837E-02 -2.667658E-14
      2322 -1.288767E-13  6.426037E-01 -5.960770E-14
      2323  2.469005E-13  2.945292E-01 -1.020989E-13
      2324  5.867188E-13  8.481409E-01  1.100092E-13
      2802 -3.280410E-12 -2.820768E-02  1.393122E-13
      2805 -3.166566E-13  4.579702E-01 -1.643130E-14
      3544 -9.296244E-13  5.937275E-02 -3.796963E-14
      3546 -1.703258E-12 -6.385186E-01  9.964252E-15
      3552 -1.995783E-12  3.138559E-01  8.104628E-14
      3553  9.701445E-14  5.569178E-01  6.755707E-14
      3554 -5.550123E-13  6.178478E-01 -1.449674E-13
      3555 -8.471703E-14  3.930696E-01  3.497203E-14
      3556  3.805327E-13  6.316691E-01  5.939693E-15
      3557 -1.094642E-13  4.635931E-01 -5.827283E-14
      3558 -1.364125E-13  3.953382E-01  7.133183E-15
      3559  9.283106E-13  6.228026E-01 -4.868328E-14
      3560 -2.938911E-13  3.545702E-01  9.747758E-14
      3561 -2.132570E-12 -1.842604E-01  3.497203E-14
      3880  2.186931E-13  5.626757E-01 -6.364353E-14
      3881  1.533218E-12 -4.343146E-01 -3.685940E-14
      3882  2.547007E-12 -4.354946E-02  1.143807E-13
      3883  2.073025E-13  4.606622E-01  1.490474E-14
      3884  3.611576E-13  1.753918E-01  5.581646E-14
      3886  1.306412E-13  5.520561E-01 -1.540434E-15
      3887 -5.151846E-13  8.160913E-01  6.386558E-14
      3888  1.330065E-12  8.812692E-02 -6.818851E-14
      3889 -1.560975E-13  2.410234E-01  2.664535E-15
      4008  7.179432E-13 -3.833829E-01  5.383888E-14
      4026 -1.796224E-12  6.235261E-02  4.292400E-14

 total force (fx,fy,fz) for set CENTER and time  0.1000000E+00

       -5.924335E-12 -3.686730E+00 -5.981847E-14

                                INCREMENT     3


 forces (fx,fy,fz) for set CENTER and time  0.1750000E+00

       200  2.199545E-12 -4.472011E+00 -5.595524E-14
       201 -1.153611E-12 -3.753595E+00  2.731149E-14
       202  5.136216E-13 -5.021645E+00 -1.329492E-14
       599  2.121493E-11 -9.049243E-01  3.456957E-14
       600 -3.943803E-12 -2.241262E-01 -6.418477E-14
       601  3.367284E-12 -8.743604E-01 -1.502687E-13
      1562 -7.214155E-12  8.316120E-01 -1.843387E-13
      1809 -2.491535E-11 -3.585461E+00 -8.065770E-14
      1810  1.532612E-11  6.496854E-01  2.803313E-15
      1811 -9.167236E-12  1.067714E+00  1.508377E-13
      2087  2.040441E-11 -4.015340E+00  7.011058E-14
      2315 -3.069568E-11  2.504932E-02 -1.319517E-14
      2320  7.677307E-12  1.215089E+00  3.558681E-13
      2321 -2.814543E-12 -1.174334E-01  2.196160E-14
      2322 -1.466005E-12  1.074389E+00 -8.239069E-14
      2323  2.837348E-12  4.932637E-01 -1.101480E-13
      2324  6.762097E-12  1.419389E+00 -1.043748E-13
      2802 -4.368353E-11 -3.559387E-02 -2.595146E-15
      2805 -3.673875E-12  7.611596E-01 -1.119105E-13
      3544 -1.223913E-11  1.179328E-01  2.162159E-14
      3546 -2.559677E-11 -1.022424E+00 -9.003909E-14
      3552 -2.227853E-11  5.248606E-01  1.065259E-13
      3553  1.135853E-12  9.310722E-01  2.930989E-14
      3554 -6.373873E-12  1.033582E+00 -5.406786E-14
      3555 -9.778266E-13  6.564901E-01  5.778711E-14
      3556  4.435303E-12  1.051634E+00 -2.620126E-14
      3557 -1.242236E-12  7.762458E-01 -3.985701E-14
      3558 -1.563548E-12  6.611298E-01 -1.328937E-13
      3559  1.028443E-11  1.054866E+00 -7.016610E-14
      3560 -3.369745E-12  5.938038E-01  4.399259E-14
      3561 -2.332479E-11 -3.013104E-01 -1.532108E-14
      3880  2.542608E-12  9.340935E-01  7.427392E-14
      3881  2.175262E-11 -7.159784E-01  5.306866E-14
      3882  2.376544E-11 -6.893274E-02  4.363176E-14
      3883  1.913895E-12  7.677354E-01  5.101475E-14
      3884  8.764062E-12  3.148942E-01  1.180167E-13
      3886  1.517210E-12  9.244050E-01  9.783840E-14
      3887 -5.892354E-12  1.366481E+00  2.878253E-14
      3888  9.673369E-12  1.768414E-01 -1.319916E-13
      3889 -1.784186E-12  4.037906E-01  9.428569E-14
      4008  9.959058E-12 -5.954458E-01  8.860968E-14
      4026 -1.592433E-11  1.294760E-01  2.088607E-14

 total force (fx,fy,fz) for set CENTER and time  0.1750000E+00

       -7.324860E-11 -5.751896E+00  5.925555E-14

                                INCREMENT     4


 forces (fx,fy,fz) for set CENTER and time  0.2875000E+00

       200  4.145557E-11 -6.812562E+00  1.011968E-13
       201 -2.350021E-11 -5.729647E+00  1.124656E-13
       202  1.850469E-11 -7.653016E+00 -2.230993E-13
       599  4.354970E-10 -1.449592E+00 -5.410949E-14
       600 -8.039542E-11 -3.951017E-01 -3.280570E-13
       601  6.056626E-11 -1.403311E+00  2.314815E-14
      1562 -1.444429E-10  1.287816E+00 -2.374628E-13
      1809 -5.077800E-10 -5.383604E+00  2.394751E-13
      1810  3.174946E-10  1.004035E+00 -7.732356E-14
      1811 -1.849993E-10  1.652911E+00  3.496370E-13
      2087  4.074689E-10 -5.989661E+00  1.045275E-13
      2315 -6.455673E-10  8.706988E-02 -1.817990E-15
      2320  1.534954E-10  1.878945E+00  4.329592E-13
      2321 -5.736995E-11 -2.155628E-01  7.055467E-14
      2322 -2.909103E-11  1.662669E+00 -2.737775E-13
      2323  5.683523E-11  7.637082E-01 -1.699474E-13
      2324  1.357500E-10  2.196877E+00  2.511880E-15
      2802 -8.924320E-10 -3.966201E-02  1.767475E-13
      2805 -7.463756E-11  1.162937E+00 -2.045031E-13
      3544 -2.480910E-10  2.254426E-01  1.360023E-13
      3546 -5.229011E-10 -1.468459E+00 -1.364464E-13
      3552 -4.493531E-10  8.143875E-01  9.514611E-14
      3553  2.306074E-11  1.437617E+00  8.326673E-14
      3554 -1.277397E-10  1.597409E+00 -3.488321E-13
      3555 -1.967429E-11  1.011954E+00  1.195710E-13
      3556  9.008062E-11  1.611842E+00 -3.130829E-14
      3557 -2.461124E-11  1.201384E+00  1.437184E-13
      3558 -3.107175E-11  1.021149E+00 -1.112999E-13
      3559  2.003719E-10  1.661540E+00 -1.264544E-13
      3560 -6.714727E-11  9.192672E-01  4.723999E-14
      3561 -4.746075E-10 -4.435404E-01  2.007283E-13
      3880  5.174805E-11  1.423110E+00  6.428191E-14
      3881  4.389172E-10 -1.074296E+00 -1.449951E-13
      3882  4.838651E-10 -9.132855E-02  5.234702E-14
      3883  3.857247E-11  1.180096E+00  1.005862E-13
      3884  1.812162E-10  5.382317E-01  8.387735E-14
      3886  3.059989E-11  1.430850E+00  5.739853E-14
      3887 -1.175500E-10  2.115363E+00  1.553757E-13
      3888  1.885672E-10  3.402555E-01 -8.029688E-14
      3889 -3.554588E-11  6.254812E-01  3.552714E-15
      4008  1.969027E-10 -8.309226E-01  1.783018E-13
      4026 -3.207008E-10  2.556313E-01 -8.040790E-14

 total force (fx,fy,fz) for set CENTER and time  0.2875000E+00

       -1.528240E-09 -7.872286E+00  5.044784E-13

                                INCREMENT     5


 forces (fx,fy,fz) for set CENTER and time  0.4562500E+00

       200  4.549948E-10 -9.733750E+00  1.160183E-13
       201 -2.507355E-10 -8.199662E+00  2.290390E-13
       202  1.827196E-10 -1.095097E+01  1.394440E-13
       599  4.997469E-09 -2.387170E+00  9.844903E-14
       600 -9.215987E-10 -7.970836E-01 -1.594558E-13
       601  4.995819E-10 -2.383201E+00 -3.341771E-13
      1562 -1.504615E-09  1.918461E+00 -1.065814E-13
      1809 -5.398873E-09 -7.539636E+00 -1.431077E-13
      1810  3.616122E-09  1.497536E+00 -3.673728E-13
      1811 -2.005068E-09  2.484565E+00 -3.327894E-13
      2087  4.201354E-09 -8.311615E+00  1.021405E-14
      2315 -7.333432E-09  1.914944E-01  3.471251E-13
      2320  1.641160E-09  2.837484E+00  5.900280E-13
      2321 -6.404760E-10 -4.599835E-01  3.163025E-13
      2322 -3.074484E-10  2.486100E+00 -1.910971E-13
      2323  5.789399E-10  1.135578E+00 -3.641532E-13
      2324  1.395624E-09  3.272738E+00  2.207540E-13
      2802 -1.026803E-08 -7.867721E-02 -1.408318E-13
      2805 -8.032984E-10  1.687469E+00  2.289280E-13
      3544 -2.825624E-09  4.249947E-01  3.296252E-13
      3546 -5.759222E-09 -1.917276E+00 -1.822986E-13
      3552 -4.612427E-09  1.231287E+00 -4.518608E-14
      3553  2.364781E-10  2.128517E+00  1.826317E-13
      3554 -1.320876E-09  2.368365E+00 -1.427747E-13
      3555 -2.147123E-10  1.493896E+00 -1.187939E-13
      3556  9.548794E-10  2.353902E+00  2.153833E-13
      3557 -2.540853E-10  1.784966E+00  6.600276E-14
      3558 -3.181480E-10  1.512156E+00 -9.126033E-14
      3559  2.041564E-09  2.533957E+00  2.755574E-13
      3560 -6.842016E-10  1.366326E+00 -1.554312E-14
      3561 -4.819367E-09 -5.829013E-01 -1.059153E-13
      3880  5.434213E-10  2.049916E+00 -1.311173E-13
      3881  4.415374E-09 -1.489612E+00 -3.541611E-14
      3882  4.975026E-09 -7.526272E-02 -1.511014E-13
      3883  4.268141E-10  1.737385E+00 -1.572076E-13
      3884  1.863808E-09  9.137172E-01  1.147415E-13
      3886  3.090631E-10  2.126629E+00 -7.166490E-14
      3887 -1.212510E-09  3.146122E+00  1.685319E-13
      3888  1.989619E-09  6.385721E-01 -1.751932E-13
      3889 -3.650474E-10  9.305853E-01 -1.250111E-13
      4008  2.102179E-09 -1.123005E+00  1.117838E-13
      4026 -3.580894E-09  4.824294E-01 -1.803002E-13

 total force (fx,fy,fz) for set CENTER and time  0.4562500E+00

       -1.797450E-08 -9.294651E+00 -1.077905E-13

                                INCREMENT     6


 forces (fx,fy,fz) for set CENTER and time  0.6562500E+00

       200  2.531420E-11 -1.267520E+01  4.918288E-13
       201  2.466988E-12 -1.066744E+01  6.394885E-14
       202 -3.270582E-11 -1.431022E+01 -2.836620E-13
       599  3.443910E-10 -4.017709E+00  4.957146E-14
       600 -7.190432E-11 -1.696856E+00 -3.371192E-13
       601 -1.590357E-10 -4.275437E+00 -1.228462E-13
      1562  2.886707E-12  2.704211E+00 -5.533074E-13
      1809 -7.466406E-10 -9.646114E+00 -1.212364E-13
      1810  3.163074E-10  2.130903E+00  1.626477E-13
      1811 -1.821739E-11  3.597485E+00  4.408141E-13
      2087  3.817163E-10 -1.055245E+01  2.722267E-13
      2315 -1.058515E-09  2.352884E-01  1.529332E-13
      2320 -5.063302E-11  4.175241E+00  4.950484E-13
      2321 -1.901307E-11 -1.019738E+00  1.794953E-13
      2322  4.835718E-12  3.549253E+00 -4.088951E-13
      2323  1.284543E-11  1.592649E+00 -9.330314E-13
      2324  2.042745E-11  4.620300E+00  2.657683E-13
      2802 -9.407701E-10 -2.859264E-01  1.114664E-13
      2805  1.612904E-12  2.286577E+00  2.597922E-14
      3544 -6.734590E-10  7.119393E-01 -3.330114E-13
      3546 -1.143140E-09 -2.269617E+00 -1.663114E-13
      3552 -1.382729E-10  1.802465E+00  2.020606E-14
      3553  5.269027E-12  2.970732E+00  4.165557E-13
      3554 -1.350553E-11  3.309965E+00  5.995204E-14
      3555  2.301040E-12  2.076803E+00 -1.777467E-13
      3556  1.303495E-11  3.221739E+00 -2.815526E-13
      3557  1.925455E-12  2.500262E+00 -3.852474E-13
      3558 -2.486836E-12  2.109640E+00 -2.080558E-13
      3559  3.411911E-10  3.646904E+00  2.167155E-13
      3560 -1.277454E-11  1.914565E+00  3.606004E-13
      3561 -3.466041E-10 -6.346804E-01  3.030909E-13
      3880  3.262769E-12  2.739602E+00  1.612044E-13
      3881  3.774930E-10 -1.844951E+00 -4.882761E-13
      3882  1.756313E-10  5.519728E-02 -1.998401E-15
      3883  4.206349E-10  2.416038E+00  1.241229E-13
      3884  3.077600E-10  1.447700E+00  3.341216E-13
      3886  1.482037E-11  2.981009E+00  3.209100E-13
      3887 -1.690129E-12  4.417625E+00  3.542167E-13
      3888  5.894041E-10  1.046053E+00 -1.778577E-13
      3889 -7.184808E-14  1.305495E+00  8.815171E-14
      4008  6.852198E-10 -1.658061E+00 -2.227524E-13
      4026 -9.124838E-10  7.697210E-01 -1.876277E-14

 total force (fx,fy,fz) for set CENTER and time  0.6562500E+00

       -2.291172E-09 -9.219030E+00  2.499060E-13

                                INCREMENT     7


 forces (fx,fy,fz) for set CENTER and time  0.8562500E+00

       200  3.982677E-09 -1.555185E+01  3.272937E-13
       201 -2.597477E-09 -1.303134E+01  3.004264E-13
       202  2.494315E-09 -1.765246E+01  1.713074E-13
       599  3.030111E-08 -6.610361E+00 -1.535994E-13
       600 -5.551386E-09 -3.287272E+00 -5.209166E-13
       601  1.174380E-08 -7.489708E+00 -1.149969E-12
      1562 -1.578717E-08  3.681421E+00 -8.639756E-13
      1809 -5.681707E-08 -1.175765E+01 -1.598721E-14
      1810  2.572898E-08  2.948892E+00 -4.454215E-13
      1811 -1.696369E-08  5.091795E+00  1.841860E-13
      2087  4.937935E-08 -1.284526E+01  3.728129E-13
      2315 -5.467597E-08  7.122864E-02  3.470557E-13
      2320  1.471087E-08  6.048035E+00  1.710632E-12
      2321 -4.512456E-09 -2.011473E+00  5.823675E-13
      2322 -2.737758E-09  4.926553E+00 -9.332535E-13
      2323  6.943633E-09  2.152167E+00 -6.976641E-13
      2324  1.602984E-08  6.308392E+00  2.272349E-13
      2802 -6.701572E-08 -8.025594E-01  2.917666E-13
      2805 -7.739356E-09  2.983511E+00  5.790923E-13
      3544 -2.189122E-08  1.041305E+00 -1.156297E-13
      3546 -5.165841E-08 -2.630844E+00 -2.209344E-13
      3552 -5.400281E-08  2.585249E+00  4.711787E-13
      3553  3.044380E-09  3.998493E+00  4.880540E-13
      3554 -1.499745E-08  4.458746E+00 -1.030509E-12
      3555 -1.793971E-09  2.784532E+00 -2.775558E-13
      3556  1.009817E-08  4.250872E+00  6.314949E-13
      3557 -2.719840E-09  3.373736E+00 -5.199174E-13
      3558 -3.640246E-09  2.836768E+00 -7.316370E-14
      3559  2.606851E-08  5.013427E+00  1.252332E-13
      3560 -8.204510E-09  2.584041E+00  6.348255E-13
      3561 -6.178444E-08 -5.658116E-01 -1.858513E-13
      3880  6.154387E-09  3.512009E+00 -4.258816E-13
      3881  5.960801E-08 -2.118277E+00 -3.410605E-13
      3882  5.955444E-08  3.477699E-01  1.709743E-14
      3883  5.432885E-09  3.253672E+00 -1.372236E-13
      3884  2.266850E-08  2.108224E+00  2.190470E-13
      3886  4.047557E-09  4.026470E+00  2.183809E-13
      3887 -1.328464E-08  5.981757E+00  6.279977E-13
      3888  2.292631E-08  1.474013E+00 -1.187696E-13
      3889 -4.097496E-09  1.763562E+00  2.102207E-13
      4008  2.360742E-08 -2.749326E+00 -1.495470E-13
      4026 -3.062297E-08  1.026219E+00  3.564787E-13

 total force (fx,fy,fz) for set CENTER and time  0.8562500E+00

       -9.857092E-08 -8.471326E+00  7.173533E-13

                                INCREMENT     8


 forces (fx,fy,fz) for set CENTER and time  0.1000000E+01

       200  1.671612E-09 -1.781045E+01  1.301181E-13
       201 -1.093931E-09 -1.484975E+01  7.260859E-13
       202  9.730999E-10 -2.031159E+01  1.603162E-13
       599  1.385906E-08 -9.247596E+00  2.194911E-13
       600 -2.572344E-09 -4.957208E+00 -3.301803E-13
       601  4.086260E-09 -1.085743E+01  4.229950E-13
      1562 -6.397303E-09  4.569636E+00 -1.275646E-13
      1809 -2.246667E-08 -1.351443E+01 -4.487521E-13
      1810  1.127761E-08  3.710697E+00 -1.318945E-13
      1811 -7.197497E-09  6.511978E+00  5.706546E-14
      2087  1.887650E-08 -1.481955E+01 -1.494360E-13
      2315 -2.381646E-08 -2.403752E-01  1.723066E-13
      2320  5.904139E-09  7.868478E+00 -1.463274E-13
      2321 -1.987924E-09 -3.050661E+00  6.439294E-14
      2322 -1.250302E-09  6.210030E+00 -7.177592E-13
      2323  2.623848E-09  2.655559E+00 -8.358592E-13
      2324  6.076643E-09  7.850196E+00  4.470313E-13
      2802 -3.046521E-08 -1.432964E+00 -2.498002E-13
      2805 -3.256117E-09  3.600976E+00 -5.440093E-14
      3544 -9.377703E-09  1.292617E+00  3.930745E-13
      3546 -2.122976E-08 -3.001027E+00 -4.136691E-13
      3552 -2.121280E-08  3.336920E+00  8.679724E-13
      3553  1.071631E-09  4.923641E+00  3.099743E-13
      3554 -6.054502E-09  5.491630E+00 -4.147793E-13
      3555 -8.309561E-10  3.420633E+00 -3.381739E-13
      3556  3.970205E-09  5.169283E+00  1.609823E-13
      3557 -1.186467E-09  4.158616E+00  3.791412E-13
      3558 -1.508881E-09  3.490082E+00 -5.111467E-13
      3559  9.731383E-09  6.223849E+00 -9.356960E-13
      3560 -3.274465E-09  3.185498E+00  1.010303E-13
      3561 -2.374710E-08 -4.435099E-01 -1.261213E-13
      3880  2.396766E-09  4.183216E+00 -2.875478E-13
      3881  2.238367E-08 -2.295492E+00  1.290079E-13
      3882  2.287711E-08  6.766675E-01  2.575717E-14
      3883  1.925098E-09  4.017088E+00  2.615685E-13
      3884  8.566305E-09  2.668184E+00  7.359113E-13
      3886  1.423686E-09  4.967161E+00  2.081113E-13
      3887 -5.424634E-09  7.393991E+00  5.058757E-13
      3888  8.652374E-09  1.767139E+00 -1.226241E-13
      3889 -1.666666E-09  2.174845E+00 -1.109668E-13
      4008  8.941409E-09 -4.054262E+00  9.754419E-13
      4026 -1.274568E-08  1.159288E+00 -1.365297E-13

 total force (fx,fy,fz) for set CENTER and time  0.1000000E+01

       -5.147496E-08 -8.208399E+00  8.644222E-13
