
                        S T E P       1


                                INCREMENT     1


 forces (fx,fy,fz) for set CENTER and time  0.5000000E-01

       200  2.345644E-09 -8.360301E-01  8.167078E-15
       201 -1.861096E-09 -6.993503E-01  2.144118E-14
       202  2.118167E-09 -9.387280E-01  1.221245E-15
       599  2.130646E-09 -1.654744E-01  1.243970E-14
       600 -5.289024E-10 -3.886949E-02 -1.839327E-14
       601  8.139575E-09 -1.624240E-01 -2.356101E-14
      1562 -5.094748E-09  1.537091E-01 -9.351894E-15
      1809 -4.767558E-08 -6.830921E-01 -3.982925E-15
      1810  4.916414E-09  1.206649E-01 -3.021194E-14
      1811 -5.313814E-09  1.984546E-01  1.802378E-14
      2087  5.074614E-08 -7.713830E-01  7.070733E-15
      2315 -1.930484E-08 -4.490948E-03  2.939055E-15
      2320  6.267873E-09  2.269429E-01  4.813858E-14
      2321 -3.109412E-09 -1.958232E-02  8.170548E-15
      2322 -8.461974E-10  1.992587E-01 -2.708857E-14
      2323  2.008890E-09  9.111764E-02 -1.427677E-14
      2324  4.814843E-09  2.626362E-01  1.860664E-14
      2802 -1.771711E-08 -1.122162E-02 -1.173367E-14
      2805 -4.657641E-09  1.425898E-01 -1.483536E-14
      3544 -1.014448E-08  1.519778E-02  5.773160E-15
      3546 -3.442608E-08 -2.053296E-01 -1.171285E-14
      3552 -4.320723E-08  9.737439E-02 -3.252953E-14
      3553  1.217192E-09  1.725645E-01  2.745026E-14
      3554 -4.844383E-09  1.913342E-01  1.658396E-14
      3555 -5.633657E-10  1.219004E-01 -2.375877E-14
      3556  4.783785E-09  1.964073E-01 -2.151057E-14
      3557 -5.779720E-10  1.434438E-01 -1.665335E-15
      3558 -1.215598E-09  1.224601E-01 -3.420875E-15
      3559  9.184771E-09  1.906891E-01 -4.329870E-15
      3560 -2.498506E-09  1.096916E-01  8.285039E-15
      3561 -4.863388E-08 -5.799759E-02  1.543210E-14
      3880  4.124014E-09  1.753089E-01  5.939693E-15
      3881  4.790764E-08 -1.359824E-01  5.800915E-15
      3882  4.878879E-08 -1.390039E-02  9.700574E-15
      3883 -9.652837E-09  1.431642E-01 -9.381385E-15
      3884  1.023565E-08  5.071104E-02  1.332962E-14
      3886  1.335843E-09  1.708127E-01  9.922618E-15
      3887 -4.405615E-09  2.525305E-01 -1.583109E-14
      3888  1.314546E-08  2.220137E-02 -1.207021E-14
      3889 -1.077282E-09  7.454119E-02  6.144391E-15
      4008  1.254155E-08 -1.273204E-01  2.729761E-14
      4026 -1.316229E-08  1.487652E-02  6.300516E-15

 total force (fx,fy,fz) for set CENTER and time  0.5000000E-01

       -4.376597E-08 -1.210593E+00  1.453308E-14

                                INCREMENT     2


 forces (fx,fy,fz) for set CENTER and time  0.1000000E+00

       200 -6.650655E-14 -1.638727E+00  1.629252E-14
       201 -1.519143E-15 -1.371845E+00  4.285461E-14
       202 -7.651127E-14 -1.839989E+00  6.800116E-15
       599  5.735701E-15 -3.247913E-01  2.488287E-14
       600 -5.309667E-15 -7.664326E-02 -3.678308E-14
       601 -7.920433E-14 -3.173892E-01 -5.548340E-14
      1562 -9.688120E-15  3.017766E-01 -1.871767E-14
      1809 -8.901324E-15 -1.333816E+00 -1.679212E-14
      1810 -1.217998E-16  2.366341E-01 -6.042606E-14
      1811 -1.196560E-14  3.890448E-01  3.606143E-14
      2087  1.796453E-13 -1.503713E+00 -1.360023E-15
      2315 -2.879810E-13 -4.973302E-03  1.080082E-14
      2320  1.107178E-13  4.443547E-01  9.629797E-14
      2321 -3.512579E-15 -3.885416E-02  1.634456E-14
      2322 -2.003527E-15  3.908660E-01 -5.418235E-14
      2323  3.869291E-15  1.789226E-01 -2.853967E-14
      2324  8.921568E-15  5.155042E-01  3.722370E-14
      2802  9.344826E-14 -1.988015E-02 -3.233525E-14
      2805 -5.587598E-15  2.792656E-01 -2.953193E-14
      3544 -1.655419E-13  3.245280E-02  1.149081E-14
      3546 -1.721059E-13 -3.968297E-01 -4.571343E-14
      3552  1.824102E-13  1.909514E-01 -4.027334E-14
      3553  1.458085E-15  3.386321E-01  5.484502E-14
      3554 -8.182704E-15  3.755550E-01  3.314016E-14
      3555 -1.742565E-16  2.391262E-01 -4.746203E-14
      3556  4.605361E-15  3.848760E-01 -4.313216E-14
      3557 -1.738377E-15  2.816540E-01 -3.289036E-15
      3558 -1.539483E-15  2.403420E-01 -6.883383E-15
      3559 -2.256900E-13  3.760716E-01 -1.115774E-14
      3560 -3.985110E-15  2.153964E-01  1.652845E-14
      3561 -6.003561E-14 -1.131190E-01  1.754152E-14
      3880  3.129110E-15  3.432636E-01  1.187939E-14
      3881  4.008822E-13 -2.657540E-01  1.054712E-15
      3882 -2.543970E-13 -2.699483E-02  2.513267E-14
      3883  5.410457E-14  2.805867E-01  8.881784E-16
      3884  2.408460E-13  1.024845E-01  1.718070E-14
      3886  2.237958E-15  3.353952E-01  1.984524E-14
      3887 -8.132826E-15  4.958291E-01 -3.169687E-14
      3888 -2.662172E-13  4.777208E-02 -2.960132E-14
      3889 -1.940053E-15  1.463917E-01  1.230960E-14
      4008  2.592094E-13 -2.426928E-01  6.610858E-14
      4026  1.175995E-13  3.286923E-02  2.082362E-14

 total force (fx,fy,fz) for set CENTER and time  0.1000000E+00

       -5.967243E-14 -2.319992E+00  2.966377E-15

                                INCREMENT     3


 forces (fx,fy,fz) for set CENTER and time  0.1750000E+00

       200 -2.117650E-13 -2.782152E+00  2.586820E-14
       201 -1.753006E-14 -2.331550E+00  4.038436E-14
       202 -2.464662E-13 -3.123837E+00  4.875267E-14
       599  3.984641E-13 -5.540788E-01  2.099362E-14
       600 -6.382139E-14 -1.324056E-01 -7.877726E-14
       601  3.604757E-14 -5.384155E-01 -7.339962E-14
      1562 -1.167544E-13  5.139031E-01  1.614681E-14
      1809 -4.763769E-13 -2.251430E+00  5.606626E-14
      1810  1.179099E-13  4.023379E-01 -2.405021E-14
      1811 -1.479776E-13  6.612349E-01 -3.875372E-14
      2087  4.777613E-13 -2.531797E+00  9.275913E-14
      2315  3.186699E-13  1.080382E-03 -2.079587E-14
      2320  1.964212E-13  7.540157E-01  1.296324E-13
      2321 -4.484444E-14 -6.787485E-02  7.638334E-14
      2322 -2.393181E-14  6.648511E-01 -7.059370E-14
      2323  4.568667E-14  3.047577E-01 -6.940282E-14
      2324  1.089881E-13  8.775569E-01  2.051137E-14
      2802 -1.222752E-12 -2.878627E-02  1.140754E-14
      2805 -5.891200E-14  4.737061E-01  2.176037E-14
      3544 -1.404817E-13  6.199673E-02 -7.521761E-14
      3546  1.506812E-13 -6.592907E-01  2.864375E-14
      3552 -6.994262E-13  3.247181E-01 -4.768408E-14
      3553  1.784392E-14  5.762097E-01  4.002354E-14
      3554 -1.034637E-13  6.392699E-01  2.114975E-14
      3555 -1.605720E-14  4.066665E-01 -4.604650E-14
      3556  7.416228E-14  6.534235E-01 -2.053913E-14
      3557 -2.018196E-14  4.796884E-01 -9.223178E-14
      3558 -2.534368E-14  4.090392E-01  3.352874E-14
      3559  2.058779E-13  6.447868E-01 -4.451994E-14
      3560 -5.413150E-14  3.668836E-01 -3.691492E-15
      3561  2.474486E-13 -1.904625E-01 -1.654232E-14
      3880  4.198195E-14  5.819824E-01  1.948441E-14
      3881  7.579812E-13 -4.490830E-01  1.693090E-15
      3882  4.016314E-13 -4.496485E-02  2.436940E-14
      3883 -4.749580E-13  4.765453E-01  3.191891E-14
      3884  7.725627E-13  1.821185E-01  6.050715E-14
      3886  2.573589E-14  5.712235E-01  4.021783E-14
      3887 -9.568386E-14  8.444233E-01  5.551115E-15
      3888 -4.477257E-14  9.208104E-02 -2.958050E-14
      3889 -2.938687E-14  2.493979E-01 -2.153833E-14
      4008  1.162529E-13 -3.952117E-01  5.605585E-14
      4026 -5.148485E-13  6.529063E-02  4.501954E-14

 total force (fx,fy,fz) for set CENTER and time  0.1750000E+00

       -3.377587E-13 -3.802149E+00  1.954643E-13

                                INCREMENT     4


 forces (fx,fy,fz) for set CENTER and time  0.2875000E+00

       200  4.059419E-13 -4.367439E+00  3.619327E-14
       201 -4.511153E-13 -3.665472E+00 -8.404388E-14
       202  2.032836E-13 -4.904177E+00 -6.714074E-14
       599  8.037901E-12 -8.825481E-01  4.801021E-14
       600 -1.540408E-12 -2.179448E-01 -5.510870E-14
       601  1.440711E-12 -8.529309E-01 -3.697043E-14
      1562 -2.811683E-12  8.117490E-01 -1.282585E-13
      1809 -1.007436E-11 -3.503730E+00 -2.137179E-14
      1810  5.899145E-12  6.342449E-01 -1.461505E-13
      1811 -3.574469E-12  1.042316E+00  8.357204E-14
      2087  7.799799E-12 -3.924869E+00  8.415491E-14
      2315 -1.289685E-11  2.304094E-02  7.640243E-14
      2320  2.908260E-12  1.186309E+00  1.086908E-13
      2321 -1.097122E-12 -1.140182E-01  4.421463E-14
      2322 -5.714087E-13  1.048801E+00 -2.300070E-14
      2323  1.105726E-12  4.814792E-01 -1.010025E-13
      2324  2.635466E-12  1.385526E+00  5.817569E-14
      2802 -1.627590E-11 -3.534778E-02 -8.923418E-14
      2805 -1.435778E-12  7.433445E-01  1.185718E-13
      3544 -4.693871E-12  1.139979E-01  3.697043E-14
      3546 -9.464584E-12 -1.000882E+00 -1.097455E-13
      3552 -8.109992E-12  5.123378E-01 -4.096723E-14
      3553  4.367597E-13  9.089277E-01 -2.547962E-14
      3554 -2.484740E-12  1.008960E+00  2.770006E-14
      3555 -3.801367E-13  6.409173E-01 -1.037503E-13
      3556  1.725591E-12  1.026904E+00  3.974598E-14
      3557 -4.842010E-13  7.577108E-01  4.285461E-14
      3558 -6.089429E-13  6.453949E-01  9.181544E-14
      3559  3.577331E-12  1.028941E+00 -4.124479E-14
      3560 -1.312313E-12  5.796187E-01  7.902012E-14
      3561 -9.714728E-12 -2.946033E-01  8.076873E-14
      3880  9.916665E-13  9.123103E-01  5.023759E-14
      3881  8.475691E-12 -6.996280E-01 -6.783463E-14
      3882  9.428073E-12 -6.757978E-02 -7.827072E-15
      3883  1.298289E-12  7.496193E-01  1.458278E-13
      3884  3.277386E-12  3.060783E-01  5.581646E-14
      3886  5.905832E-13  9.023296E-01 -6.775136E-14
      3887 -2.294662E-12  1.333848E+00  7.260859E-14
      3888  4.126597E-12  1.708602E-01 -9.901802E-14
      3889 -6.948334E-13  3.941356E-01 -6.525336E-14
      4008  4.012750E-12 -5.838911E-01  2.174094E-13
      4026 -5.814984E-12  1.248938E-01  1.997014E-14

 total force (fx,fy,fz) for set CENTER and time  0.2875000E+00

       -2.841013E-11 -5.640467E+00  2.375773E-13

                                INCREMENT     5


 forces (fx,fy,fz) for set CENTER and time  0.4562500E+00

       200  1.589408E-11 -6.479575E+00  1.182943E-13
       201 -9.471229E-12 -5.448152E+00  2.261524E-13
       202  7.816199E-12 -7.278301E+00  7.027712E-14
       599  1.754415E-10 -1.365216E+00  1.087325E-13
       600 -3.243531E-11 -3.656873E-01 -3.809453E-14
       601  2.408075E-11 -1.319967E+00 -2.384204E-14
      1562 -5.831755E-11  1.221170E+00 -1.013356E-13
      1809 -2.042403E-10 -5.131579E+00 -9.503509E-14
      1810  1.272082E-10  9.522500E-01 -7.346901E-14
      1811 -7.465348E-11  1.566995E+00  5.456746E-14
      2087  1.629806E-10 -5.714931E+00  3.375078E-14
      2315 -2.608935E-10  7.641246E-02 -7.345687E-14
      2320  6.244420E-11  1.781243E+00  1.952605E-13
      2321 -2.311078E-11 -1.982576E-01  2.693679E-14
      2322 -1.175457E-11  1.576558E+00 -2.794848E-13
      2323  2.294675E-11  7.242407E-01 -1.521283E-13
      2324  5.480000E-11  2.083302E+00  3.008704E-14
      2802 -3.594107E-10 -3.882022E-02 -4.002354E-14
      2805 -3.009026E-11  1.105239E+00 -6.850076E-14
      3544 -1.004467E-10  2.076607E-01  3.130829E-14
      3546 -2.114337E-10 -1.409464E+00  7.038814E-14
      3552 -1.817462E-10  7.717342E-01 -3.630429E-14
      3553  9.293578E-12  1.363902E+00  5.251355E-14
      3554 -5.156579E-11  1.515282E+00 -1.544320E-13
      3555 -7.947679E-12  9.603243E-01  7.371881E-14
      3556  3.632360E-11  1.531051E+00 -1.197931E-13
      3557 -9.946688E-12  1.139372E+00 -2.159384E-13
      3558 -1.255126E-11  9.687492E-01  1.048606E-13
      3559  8.091858E-11  1.571543E+00  1.698641E-14
      3560 -2.711733E-11  8.717819E-01  1.352807E-13
      3561 -1.911352E-10 -4.244459E-01  1.154632E-14
      3880  2.085510E-11  1.353219E+00 -2.076117E-14
      3881  1.770334E-10 -1.024365E+00 -6.050715E-14
      3882  1.964717E-10 -8.935117E-02  6.261658E-14
      3883  1.663975E-11  1.120324E+00 -8.193446E-14
      3884  7.204029E-11  5.030211E-01  1.877387E-13
      3886  1.234760E-11  1.356963E+00  2.409184E-14
      3887 -4.747236E-11  2.006064E+00  2.813860E-13
      3888  7.620199E-11  3.132826E-01 -7.607803E-14
      3889 -1.436094E-11  5.931153E-01 -1.252054E-13
      4008  7.942086E-11 -7.995095E-01  4.394402E-14
      4026 -1.281876E-10  2.347791E-01 -4.016232E-14

 total force (fx,fy,fz) for set CENTER and time  0.4562500E+00

       -6.171304E-10 -7.618045E+00  8.395194E-14

                                INCREMENT     6


 forces (fx,fy,fz) for set CENTER and time  0.6562500E+00

       200  5.594608E-11 -8.637009E+00 -1.199041E-14
       201 -3.138541E-11 -7.272798E+00  2.990941E-13
       202  2.346139E-11 -9.709860E+00 -3.957945E-14
       599  6.091942E-10 -1.982176E+00  1.534883E-14
       600 -1.123373E-10 -6.076624E-01 -3.251566E-13
       601  6.913505E-11 -1.947385E+00  4.654610E-14
      1562 -1.899828E-10  1.669612E+00 -2.738226E-13
      1809 -6.778778E-10 -6.741291E+00 -2.259304E-13
      1810  4.413166E-10  1.301729E+00 -5.027437E-13
      1811 -2.493457E-10  2.151282E+00  2.301770E-13
      2087  5.289084E-10 -7.457566E+00  1.689759E-13
      2315 -8.969005E-10  1.521691E-01  1.935674E-13
      2320  2.062184E-10  2.449819E+00  4.581613E-13
      2321 -7.855618E-11 -3.435835E-01 -5.667689E-14
      2322 -3.851227E-11  2.158767E+00  7.651518E-14
      2323  7.383872E-11  9.892668E-01 -1.146305E-13
      2324  1.773654E-10  2.847823E+00 -5.860590E-14
      2802 -1.250856E-09 -5.390347E-02  1.990075E-14
      2805 -1.002096E-10  1.485403E+00  1.620926E-14
      3544 -3.440768E-10  3.402457E-01  2.142175E-13
      3546 -7.122255E-10 -1.763243E+00  4.285461E-14
      3552 -5.861261E-10  1.063229E+00  7.105427E-14
      3553  3.016374E-11  1.857457E+00  7.771561E-16
      3554 -1.673290E-10  2.065653E+00 -1.960654E-13
      3555 -2.660548E-11  1.305257E+00 -4.363176E-14
      3556  1.199564E-10  2.066221E+00  2.019496E-13
      3557 -3.215087E-11  1.555525E+00 -4.074519E-14
      3558 -4.040632E-11  1.319568E+00  9.470202E-14
      3559  2.597246E-10  2.185691E+00  1.565414E-14
      3560 -8.714356E-11  1.190523E+00 -1.160183E-14
      3561 -6.131536E-10 -5.378508E-01  2.663425E-13
      3880  6.851832E-11  1.810606E+00 -1.433298E-13
      3881  5.646127E-10 -1.339307E+00  1.170175E-13
      3882  6.328704E-10 -9.019638E-02 -1.312284E-13
      3883  5.287054E-11  1.519229E+00 -3.227418E-13
      3884  2.388243E-10  7.570174E-01  5.755396E-13
      3886  3.961616E-11  1.852963E+00 -1.931788E-14
      3887 -1.536128E-10  2.740299E+00  1.953993E-13
      3888  2.482950E-10  5.130553E-01 -3.221590E-13
      3889 -4.634678E-11  8.105218E-01 -1.769696E-13
      4008  2.650365E-10 -1.003731E+00  1.719805E-13
      4026 -4.373550E-10  3.881605E-01 -2.933487E-13

 total force (fx,fy,fz) for set CENTER and time  0.6562500E+00

       -2.166623E-09 -8.940468E+00  1.817088E-13

                                INCREMENT     7


 forces (fx,fy,fz) for set CENTER and time  0.8562500E+00

       200  1.898002E-11 -1.052046E+01  6.816769E-14
       201 -8.891642E-12 -8.863075E+00  3.488321E-13
       202  5.294136E-12 -1.184442E+01 -1.946221E-13
       599  2.226510E-10 -2.734805E+00  3.868017E-13
       600 -4.095842E-11 -9.742266E-01 -1.374456E-13
       601  7.456394E-13 -2.770790E+00  4.019007E-14
      1562 -5.193251E-11  2.109592E+00 -1.209172E-13
      1809 -1.958829E-10 -8.105749E+00 -2.067235E-13
      1810  1.564219E-10  1.649343E+00 -5.492967E-13
      1811 -7.714639E-11  2.746515E+00 -1.910694E-13
      2087  1.366551E-10 -8.914154E+00  2.574607E-13
      2315 -3.155169E-10  2.155588E-01  1.869199E-13
      2320  5.905717E-11  3.146376E+00  4.007350E-13
      2321 -2.615635E-11 -5.696753E-01  8.304468E-14
      2322 -1.161439E-11  2.740395E+00 -1.470490E-13
      2323  1.834872E-11  1.247466E+00 -1.446065E-14
      2324  4.530752E-11  3.599637E+00  2.040590E-13
      2802 -4.533645E-10 -1.098557E-01 -4.707346E-13
      2805 -2.942576E-11  1.838252E+00  1.398881E-14
      3544 -1.229293E-10  4.935666E-01 -3.530509E-14
      3546 -2.332389E-10 -2.018162E+00 -1.671996E-13
      3552 -1.498803E-10  1.364399E+00  1.658673E-13
      3553  7.060541E-12  2.335219E+00  1.557643E-13
      3554 -4.428678E-11  2.599362E+00 -7.582823E-14
      3555 -8.468797E-12  1.637368E+00 -3.066436E-13
      3556  3.313966E-11  2.570256E+00  3.057554E-13
      3557 -8.900973E-12  1.960267E+00 -1.473266E-13
      3558 -1.063187E-11  1.658937E+00  3.197442E-14
      3559  6.591160E-11  2.803800E+00 -4.363176E-13
      3560 -2.214923E-11  1.500670E+00  5.706546E-14
      3561 -1.519529E-10 -6.077777E-01  4.223288E-13
      3880  1.803906E-11  2.226341E+00 -1.768585E-13
      3881  1.289428E-10 -1.592061E+00 -2.432499E-13
      3882  1.612469E-10 -5.503452E-02  1.553202E-13
      3883  2.063023E-11  1.903623E+00  1.409983E-13
      3884  6.197189E-11  1.039817E+00  3.169687E-13
      3886  9.120176E-12  2.335842E+00 -8.060219E-14
      3887 -4.105979E-11  3.456818E+00  6.086798E-13
      3888  7.445834E-11  7.385550E-01 -6.855627E-14
      3889 -1.221968E-11  1.022399E+00 -5.124789E-13
      4008  7.821964E-11 -1.226824E+00  1.867066E-13
      4026 -1.539171E-10  5.558533E-01  2.129408E-13

 total force (fx,fy,fz) for set CENTER and time  0.8562500E+00

       -8.483234E-10 -9.410842E+00  4.678844E-13

                                INCREMENT     8


 forces (fx,fy,fz) for set CENTER and time  0.1000000E+01

       200  6.044511E-13 -1.176966E+01 -1.454392E-14
       201 -1.400853E-13 -9.912003E+00  1.532108E-14
       202  1.663137E-12 -1.327023E+01  6.106227E-14
       599 -5.363214E-13 -3.412880E+00  9.714451E-16
       600 -1.315954E-15 -1.346153E+00 -2.017275E-13
       601  1.478102E-12 -3.554377E+00 -2.267631E-13
      1562 -1.077527E-12  2.440357E+00 -2.840853E-13
      1809 -8.420774E-12 -8.998525E+00 -1.829648E-13
      1810 -1.495784E-13  1.915460E+00 -5.228318E-13
      1811 -6.288391E-13  3.213263E+00  7.771561E-15
      2087  4.623466E-12 -9.862539E+00  7.066570E-13
      2315 -4.015619E-12  2.380005E-01  8.992806E-14
      2320  1.077665E-12  3.706188E+00  9.031664E-13
      2321 -6.514289E-14 -8.010632E-01 -1.737499E-14
      2322 -7.375856E-14  3.187054E+00  4.285461E-14
      2323  6.905548E-13  1.440013E+00 -2.373379E-13
      2324  1.475142E-12  4.166695E+00 -4.723999E-14
      2802  3.494169E-13 -1.928413E-01  4.289902E-13
      2805 -3.843629E-13  2.091025E+00  1.951772E-13
      3544 -2.839622E-12  6.152882E-01  7.410739E-14
      3546 -5.922744E-12 -2.166361E+00 -1.731948E-14
      3552 -3.282162E-12  1.603707E+00 -1.034728E-13
      3553  3.487240E-13  2.690017E+00  3.419487E-14
      3554 -1.208835E-12  2.996050E+00 -7.660539E-14
      3555 -1.908996E-14  1.882965E+00  3.504974E-13
      3556  7.531164E-13  2.936173E+00  3.237410E-13
      3557 -1.646298E-13  2.261621E+00 -2.298162E-13
      3558 -2.853675E-13  1.910672E+00 -3.208545E-14
      3559  5.951692E-12  3.272909E+00 -2.686740E-13
      3560 -7.414861E-13  1.731646E+00  1.577627E-13
      3561 -8.805939E-12 -6.314206E-01 -1.374456E-13
      3880  5.058299E-13  2.517734E+00 -3.737011E-13
      3881  5.210157E-12 -1.743908E+00 -7.327472E-15
      3882  7.859581E-12 -1.999757E-03 -2.214895E-13
      3883  1.619283E-12  2.189305E+00  2.360334E-13
      3884  1.569453E-12  1.265253E+00  6.081247E-13
      3886  4.965641E-13  2.695761E+00 -1.476597E-13
      3887 -9.792247E-13  3.992327E+00  6.900036E-14
      3888  5.468849E-12  9.121145E-01 -5.643264E-13
      3889 -3.140874E-13  1.180351E+00  3.584355E-13
      4008  1.740618E-12 -1.444264E+00  5.116324E-13
      4026 -3.031061E-12  6.790238E-01 -1.850187E-13

 total force (fx,fy,fz) for set CENTER and time  0.1000000E+01

        3.982272E-13 -9.377259E+00  1.075619E-12
