
                        S T E P       1


                                INCREMENT     1


 forces (fx,fy,fz) for set CENTER and time  0.5000000E-01

       200  7.921090E-08 -1.979750E+00 -4.593548E-15
       201 -6.371730E-08 -1.657854E+00  5.673240E-14
       202  7.330333E-08 -2.222890E+00  5.435929E-14
       599  6.339912E-08 -3.928623E-01  3.196055E-14
       600 -1.656044E-08 -9.301364E-02  1.040140E-14
       601  2.766529E-07 -3.832562E-01  3.691492E-15
      1562 -1.716626E-07  3.648858E-01 -1.567843E-14
      1809 -1.635351E-06 -1.608689E+00  7.388534E-14
      1810  1.600252E-07  2.859876E-01 -5.111363E-15
      1811 -1.775292E-07  4.701308E-01 -4.376360E-14
      2087  1.747116E-06 -1.812276E+00 -2.055300E-14
      2315 -6.474292E-07 -4.029392E-03 -3.862405E-14
      2320  2.108416E-07  5.367088E-01  2.851885E-15
      2321 -1.038194E-07 -4.730203E-02  3.268913E-14
      2322 -2.841153E-08  4.724437E-01 -1.416315E-14
      2323  6.774864E-08  2.163540E-01 -5.682260E-14
      2324  1.623363E-07  6.232447E-01 -1.591088E-14
      2802 -5.843672E-07 -2.297181E-02  1.431494E-14
      2805 -1.586382E-07  3.372880E-01 -2.772782E-14
      3544 -3.405608E-07  4.062757E-02 -3.108624E-15
      3546 -1.172723E-06 -4.764312E-01 -6.952772E-14
      3552 -1.485403E-06  2.307859E-01 -2.525757E-14
      3553  4.137887E-08  4.093561E-01  2.720046E-14
      3554 -1.637507E-07  4.540384E-01 -1.934564E-14
      3555 -1.876301E-08  2.890219E-01 -3.314016E-14
      3556  1.624200E-07  4.649576E-01 -1.404432E-14
      3557 -1.929342E-08  3.405670E-01  1.026262E-13
      3558 -4.115664E-08  2.905542E-01 -5.946632E-14
      3559  3.117562E-07  4.556169E-01 -2.808864E-14
      3560 -8.449240E-08  2.604586E-01 -7.494005E-15
      3561 -1.673246E-06 -1.363374E-01 -3.183565E-14
      3880  1.411842E-07  4.145280E-01 -1.121325E-14
      3881  1.649837E-06 -3.206272E-01  1.065814E-14
      3882  1.677651E-06 -3.244265E-02 -1.354472E-14
      3883 -3.365833E-07  3.390030E-01  5.717649E-14
      3884  3.491666E-07  1.254788E-01  4.372891E-14
      3886  4.524495E-08  4.055507E-01 -2.391143E-14
      3887 -1.488175E-07  5.995339E-01  1.872114E-14
      3888  4.488530E-07  5.997510E-02 -2.946948E-14
      3889 -3.621333E-08  1.770278E-01  1.204592E-14
      4008  4.279859E-07 -2.896922E-01  3.692359E-14
      4026 -4.447650E-07  4.166843E-02  2.344652E-14

 total force (fx,fy,fz) for set CENTER and time  0.5000000E-01

       -1.457141E-06 -2.774631E+00  1.017849E-15

                                INCREMENT     2


 forces (fx,fy,fz) for set CENTER and time  0.1000000E+00

       200  2.963207E-12 -3.768838E+00  8.437695E-15
       201 -1.864926E-12 -3.161338E+00  1.134093E-13
       202  1.557136E-12 -4.231838E+00  9.084400E-14
       599  3.408132E-11 -7.564257E-01  6.392109E-14
       600 -6.350237E-12 -1.840466E-01  2.080280E-14
       601  5.074707E-12 -7.322442E-01  3.007317E-14
      1562 -1.169702E-11  6.986232E-01 -3.139156E-14
      1809 -4.069305E-11 -3.033737E+00  1.011413E-13
      1810  2.519639E-11  5.462535E-01 -8.248610E-14
      1811 -1.482057E-11  8.976594E-01 -8.748557E-14
      2087  3.272049E-11 -3.403512E+00  9.162116E-14
      2315 -5.085134E-11  1.287571E-02 -8.157971E-14
      2320  1.190403E-11  1.022336E+00  6.794565E-14
      2321 -4.540222E-12 -9.548254E-02  6.539214E-14
      2322 -2.388885E-12  9.030430E-01 -2.836620E-14
      2323  4.596771E-12  4.143583E-01 -1.135758E-13
      2324  1.094181E-11  1.192641E+00 -3.175238E-14
      2802 -6.917865E-11 -3.354837E-02  4.074519E-14
      2805 -5.923249E-12  6.414601E-01 -5.512257E-14
      3544 -1.965786E-11  9.272425E-02 -6.272760E-15
      3546 -4.204546E-11 -8.751402E-01 -6.061818E-14
      3552 -3.599402E-11  4.410615E-01 -5.967449E-14
      3553  1.820349E-12  7.826953E-01  5.423439E-14
      3554 -1.033239E-11  8.686467E-01 -3.869127E-14
      3555 -1.582315E-12  5.521012E-01 -6.650236E-14
      3556  7.143638E-12  8.856106E-01 -2.808864E-14
      3557 -2.024777E-12  6.521298E-01  2.054190E-13
      3558 -2.541011E-12  5.557089E-01 -1.192657E-13
      3559  1.651655E-11  8.820398E-01 -2.181588E-14
      3560 -5.466771E-12  4.988223E-01 -1.526557E-14
      3561 -3.788801E-11 -2.557870E-01 -7.122081E-14
      3880  4.087966E-12  7.876212E-01 -2.248202E-14
      3881  3.542581E-11 -6.055852E-01  1.443290E-14
      3882  3.909198E-11 -5.945938E-02 -5.973000E-14
      3883  3.325083E-12  6.462090E-01  9.658940E-14
      3884  1.428806E-11  2.572152E-01  9.178769E-14
      3886  2.446763E-12  7.765850E-01 -4.787837E-14
      3887 -9.571755E-12  1.147975E+00  3.722023E-14
      3888  1.464973E-11  1.385586E-01 -1.006972E-13
      3889 -2.899338E-12  3.391515E-01  2.428613E-14
      4008  1.575836E-11 -5.156783E-01  9.718615E-14
      4026 -2.517294E-11  1.002584E-01  4.748979E-14

 total force (fx,fy,fz) for set CENTER and time  0.1000000E+00

       -1.198947E-10 -4.978296E+00  1.330160E-13

                                INCREMENT     3


 forces (fx,fy,fz) for set CENTER and time  0.1750000E+00

       200  3.338363E-11 -6.129286E+00  1.069700E-13
       201 -1.929396E-11 -5.152139E+00  1.357803E-13
       202  1.590887E-11 -6.884277E+00  5.195844E-14
       599  3.556218E-10 -1.279498E+00  6.709910E-14
       600 -6.564046E-11 -3.369838E-01 -1.308814E-13
       601  5.114701E-11 -1.235955E+00  1.046385E-13
      1562 -1.192218E-10  1.151809E+00 -1.119799E-13
      1809 -4.184338E-10 -4.865064E+00 -1.021405E-14
      1810  2.593649E-10  8.983800E-01 -1.652428E-13
      1811 -1.520217E-10  1.477799E+00  1.022793E-13
      2087  3.352723E-10 -5.423666E+00  2.533529E-13
      2315 -5.278018E-10  6.579556E-02  1.039672E-13
      2320  1.255351E-10  1.679945E+00  2.647882E-14
      2321 -4.697566E-11 -1.815144E-01  6.659950E-14
      2322 -2.406438E-11  1.487034E+00 -2.179264E-13
      2323  4.694933E-11  6.831460E-01 -1.478540E-13
      2324  1.120066E-10  1.965107E+00  1.909028E-13
      2802 -7.284409E-10 -3.817556E-02 -1.192380E-13
      2805 -6.126441E-11  1.044797E+00  1.072475E-13
      3544 -2.030853E-10  1.899091E-01  1.200151E-13
      3546 -4.285316E-10 -1.345741E+00 -3.896883E-14
      3552 -3.700009E-10  7.275142E-01  7.238654E-14
      3553  1.894251E-11  1.287070E+00 -4.851675E-14
      3554 -1.054553E-10  1.429710E+00 -1.498801E-13
      3555 -1.618514E-11  9.064725E-01 -1.132427E-14
      3556  7.396770E-11  1.446554E+00  4.485301E-14
      3557 -2.039246E-11  1.074790E+00  3.524958E-14
      3558 -2.572855E-11  9.141356E-01  9.237056E-14
      3559  1.654134E-10  1.478379E+00 -1.492140E-13
      3560 -5.555440E-11  8.223339E-01 -1.459943E-13
      3561 -3.916906E-10 -4.038802E-01 -5.584422E-14
      3880  4.249500E-11  1.279861E+00 -8.137935E-14
      3881  3.643037E-10 -9.714163E-01 -3.075318E-14
      3882  3.985983E-10 -8.674431E-02  3.508305E-14
      3883  3.225491E-11  1.057942E+00 -5.717649E-14
      3884  1.499328E-10  4.673336E-01  2.204348E-13
      3886  2.523220E-11  1.280021E+00  6.661338E-15
      3887 -9.719111E-11  1.892266E+00  1.669498E-13
      3888  1.547041E-10  2.863200E-01 -8.831824E-14
      3889 -2.940078E-11  5.594197E-01 -3.591571E-14
      4008  1.628819E-10 -7.659367E-01  1.222217E-13
      4026 -2.611860E-10  2.139221E-01 -3.988476E-14

 total force (fx,fy,fz) for set CENTER and time  0.1750000E+00

       -1.243645E-09 -7.332511E+00  3.969932E-13

                                INCREMENT     4


 forces (fx,fy,fz) for set CENTER and time  0.2875000E+00

       200  4.615695E-10 -9.076066E+00  2.341460E-13
       201 -2.592834E-10 -7.644035E+00  1.819656E-13
       202  1.978455E-10 -1.020617E+01  1.721401E-13
       599  4.978769E-09 -2.134649E+00  4.665712E-14
       600 -9.178839E-10 -6.764994E-01 -2.458311E-13
       601  5.917904E-10 -2.109294E+00 -1.255385E-13
      1562 -1.567080E-09  1.767073E+00 -2.697287E-13
      1809 -5.586659E-09 -7.062355E+00  6.750156E-14
      1810  3.621773E-09  1.378198E+00 -3.773579E-13
      1811 -2.050429E-09  2.280850E+00 -3.066991E-14
      2087  4.408411E-09 -7.801762E+00  4.910516E-13
      2315 -7.356117E-09  1.683324E-01 -2.711720E-13
      2320  1.691078E-09  2.599859E+00  3.997913E-13
      2321 -6.476300E-10 -3.857285E-01  1.677547E-13
      2322 -3.167343E-10  2.286506E+00 -3.010370E-13
      2323  6.101924E-10  1.046648E+00 -1.114109E-13
      2324  1.465054E-09  3.014159E+00  3.090861E-13
      2802 -1.023697E-08 -6.171816E-02  1.466882E-13
      2805 -8.266053E-10  1.565329E+00  2.376987E-13
      3544 -2.828526E-09  3.726737E-01 -2.775558E-14
      3546 -5.853351E-09 -1.826923E+00 -8.437695E-15
      3552 -4.843833E-09  1.128393E+00 -1.428857E-13
      3553  2.499211E-10  1.963876E+00  1.427747E-13
      3554 -1.381449E-09  2.184466E+00 -4.063416E-14
      3555 -2.187037E-10  1.379386E+00 -2.238210E-13
      3556  9.903746E-10  2.179711E+00 -2.118306E-13
      3557 -2.648507E-10  1.645537E+00  2.364775E-14
      3558 -3.336245E-10  1.395190E+00  6.311618E-14
      3559  2.150394E-09  2.321575E+00 -3.426148E-13
      3560 -7.200440E-10  1.259487E+00 -2.028933E-13
      3561 -5.100375E-09 -5.571687E-01 -3.330669E-14
      3880  5.669869E-10  1.905635E+00  1.257883E-13
      3881  4.695645E-09 -1.400430E+00 -1.638689E-13
      3882  5.238737E-09 -8.583139E-02  7.083223E-14
      3883  4.305376E-10  1.604923E+00  2.731149E-14
      3884  1.952687E-09  8.172199E-01  3.612111E-13
      3886  3.281229E-10  1.960304E+00 -2.147726E-13
      3887 -1.267782E-09  2.899403E+00  6.494805E-14
      3888  2.059971E-09  5.613182E-01 -2.157718E-13
      3889 -3.823649E-10  8.576081E-01  2.629563E-13
      4008  2.171269E-09 -1.048911E+00  3.584806E-13
      4026 -3.608586E-09  4.246539E-01  1.783573E-13

 total force (fx,fy,fz) for set CENTER and time  0.2875000E+00

       -1.770776E-08 -9.109233E+00  5.725663E-13

                                INCREMENT     5


 forces (fx,fy,fz) for set CENTER and time  0.4562500E+00

       200  3.438154E-10 -1.271446E+01 -9.814372E-14
       201 -9.105662E-11 -1.070009E+01  7.904788E-14
       202 -1.050108E-10 -1.435544E+01 -3.275158E-13
       599  5.492881E-09 -4.046232E+00  2.639833E-13
       600 -1.042951E-09 -1.713702E+00 -2.609024E-15
       601 -1.183752E-09 -4.309832E+00 -2.498002E-14
      1562 -4.879289E-10  2.716135E+00  4.787143E-14
      1809 -3.841151E-09 -9.674283E+00 -2.013945E-13
      1810  3.760682E-09  2.140702E+00 -1.668943E-13
      1811 -1.225537E-09  3.615078E+00 -2.270961E-13
      2087  1.681522E-09 -1.058254E+01  4.590772E-13
      2315 -8.487600E-09  2.347206E-01 -4.169165E-13
      2320  6.573642E-10  4.196875E+00  7.506218E-13
      2321 -5.268127E-10 -1.030246E+00  1.624811E-13
      2322 -1.568680E-10  3.565735E+00 -3.674006E-13
      2323  1.041032E-10  1.599528E+00 -7.362444E-13
      2324  3.069943E-10  4.640824E+00 -1.039793E-14
      2802 -1.152480E-08 -2.906692E-01  3.283485E-13
      2805 -3.703147E-10  2.295311E+00 -4.769518E-13
      3544 -3.926196E-09  7.162586E-01  3.414491E-13
      3546 -6.357063E-09 -2.274099E+00 -3.730349E-14
      3552 -1.164452E-09  1.811598E+00  3.199663E-13
      3553  1.335742E-11  2.983376E+00 -2.113865E-13
      3554 -3.619088E-10  3.324104E+00 -4.456435E-13
      3555 -1.350988E-10  2.085526E+00  4.520828E-13
      3556  3.468227E-10  3.234536E+00 -2.602363E-13
      3557 -8.572370E-11  2.511012E+00  1.624256E-13
      3558 -8.350669E-11  2.118598E+00  1.296740E-13
      3559  1.043847E-09  3.663774E+00 -3.061995E-13
      3560 -1.454516E-10  1.922805E+00  3.416156E-13
      3561 -1.134556E-09 -6.345452E-01  2.253753E-13
      3880  1.344664E-10  2.749446E+00  2.997602E-14
      3881  7.554183E-10 -1.849158E+00  2.706724E-13
      3882  1.115051E-09  5.805710E-02  4.607426E-14
      3883  1.257634E-09  2.426269E+00  2.819966E-13
      3884  1.097567E-09  1.455948E+00  2.292611E-13
      3886  2.598480E-11  2.993864E+00  4.549139E-13
      3887 -3.454668E-10  4.436808E+00 -2.381428E-14
      3888  2.076036E-09  1.051956E+00 -3.586020E-13
      3889 -9.262112E-11  1.311133E+00 -1.211808E-13
      4008  2.456870E-09 -1.668591E+00  9.780232E-13
      4026 -4.787035E-09  7.736212E-01 -2.021161E-13

 total force (fx,fy,fz) for set CENTER and time  0.4562500E+00

       -2.499244E-08 -9.210295E+00  1.331910E-12

                                INCREMENT     6


 forces (fx,fy,fz) for set CENTER and time  0.6562500E+00

       200  5.071503E-08 -1.696459E+01  2.138290E-13
       201 -3.317370E-08 -1.417216E+01  4.525269E-13
       202  3.173098E-08 -1.931280E+01 -4.742873E-13
       599  3.804596E-07 -8.210138E+00 -4.207745E-14
       600 -6.966325E-08 -4.297411E+00 -6.116219E-13
       601  1.474343E-07 -9.525260E+00  2.408074E-13
      1562 -1.980872E-07  4.227228E+00 -2.494671E-13
      1809 -7.183954E-07 -1.284500E+01  2.380318E-13
      1810  3.260451E-07  3.415525E+00 -9.292567E-14
      1811 -2.137457E-07  5.959585E+00 -2.016165E-13
      2087  6.239976E-07 -1.406027E+01  7.218670E-13
      2315 -6.920459E-07 -1.055666E-01  1.375566E-13
      2320  1.843670E-07  7.157324E+00  1.918465E-13
      2321 -5.835357E-08 -2.640354E+00  6.324941E-13
      2322 -3.479413E-08  5.712717E+00 -5.592193E-13
      2323  8.627474E-08  2.461924E+00 -9.816176E-13
      2324  1.993212E-07  7.255222E+00  1.071532E-12
      2802 -8.519680E-07 -1.176396E+00  4.538592E-13
      2805 -9.857461E-08  3.363771E+00 -4.731771E-13
      3544 -2.778144E-07  1.200945E+00 -1.406653E-13
      3546 -6.536990E-07 -2.851432E+00 -4.403145E-13
      3552 -6.834395E-07  3.043989E+00  3.264056E-13
      3553  3.773131E-08  4.567652E+00 -5.149214E-13
      3554 -1.882691E-07  5.094323E+00 -4.156675E-13
      3555 -2.297927E-08  3.175904E+00  4.296563E-13
      3556  1.270493E-07  4.816153E+00 -2.668976E-13
      3557 -3.432490E-08  3.856774E+00 -3.190781E-13
      3558 -4.581158E-08  3.238791E+00  5.268008E-13
      3559  3.235043E-07  5.760672E+00  2.271516E-13
      3560 -1.027323E-07  2.954207E+00 -4.070078E-13
      3561 -7.792788E-07 -4.947797E-01  7.616130E-13
      3880  7.775015E-08  3.926224E+00  2.560174E-13
      3881  7.498511E-07 -2.231879E+00 -1.043610E-13
      3882  7.521646E-07  5.452980E-01 -5.013767E-13
      3883  6.325704E-08  3.722416E+00  4.727330E-13
      3884  2.816136E-07  2.457143E+00 -1.177392E-13
      3886  4.999759E-08  4.605291E+00  1.278977E-13
      3887 -1.668889E-07  6.850324E+00  2.549072E-13
      3888  2.851510E-07  1.663951E+00 -5.928730E-13
      3889 -5.131706E-08  2.016724E+00  7.477352E-14
      4008  2.924156E-07 -3.523126E+00  5.924705E-13
      4026 -3.855756E-07  1.117823E+00  1.808761E-13

 total force (fx,fy,fz) for set CENTER and time  0.6562500E+00

       -1.290101E-06 -8.243258E+00  1.078741E-12

                                INCREMENT     7


 forces (fx,fy,fz) for set CENTER and time  0.8562500E+00

       200  1.939527E-07 -2.214329E+01 -9.052759E-13
       201 -1.286156E-07 -1.827330E+01  8.792966E-14
       202  1.130325E-07 -2.546658E+01  5.512257E-13
       599  1.519961E-06 -1.520726E+01 -8.391066E-13
       600 -2.827041E-07 -8.771536E+00 -5.555556E-13
       601  4.699143E-07 -1.861814E+01  8.637535E-14
      1562 -7.170736E-07  6.445743E+00 -5.258016E-13
      1809 -2.579893E-06 -1.714882E+01 -8.630874E-13
      1810  1.276751E-06  5.349579E+00 -3.241851E-13
      1811 -8.085400E-07  9.608226E+00  5.906386E-14
      2087  2.164557E-06 -1.905729E+01  9.119372E-13
      2315 -2.716776E-06 -1.219307E+00 -2.733369E-13
      2320  6.530160E-07  1.189712E+01  1.354472E-13
      2321 -2.352598E-07 -5.416656E+00  5.322409E-13
      2322 -1.443133E-07  8.971142E+00  1.265654E-13
      2323  2.869046E-07  3.710134E+00 -1.126238E-12
      2324  6.640722E-07  1.111880E+01  5.935252E-13
      2802 -3.475530E-06 -3.047562E+00  1.856737E-12
      2805 -3.787081E-07  4.895210E+00  1.349587E-12
      3544 -1.085117E-06  1.698220E+00  2.050027E-13
      3546 -2.442269E-06 -3.974503E+00  4.884981E-15
      3552 -2.439999E-06  4.986282E+00 -3.721468E-13
      3553  1.159494E-07  6.865084E+00 -5.033751E-13
      3554 -6.832443E-07  7.655906E+00 -4.720668E-13
      3555 -9.747698E-08  4.755283E+00 -1.029399E-12
      3556  4.479408E-07  7.096841E+00  5.462297E-13
      3557 -1.358438E-07  5.801631E+00 -2.544631E-13
      3558 -1.717009E-07  4.859238E+00 -2.158274E-13
      3559  1.069645E-06  8.697907E+00  4.825029E-13
      3560 -3.678251E-07  4.444290E+00  1.849632E-13
      3561 -2.720079E-06 -1.132210E-01 -5.755396E-13
      3880  2.739884E-07  5.576289E+00 -3.030909E-13
      3881  2.547465E-06 -2.590985E+00  3.559375E-13
      3882  2.616095E-06  1.455344E+00  6.161738E-13
      3883  1.802729E-07  5.639596E+00 -2.442491E-13
      3884  9.463288E-07  3.730743E+00  2.850775E-13
      3886  1.525702E-07  6.938611E+00  3.863576E-13
      3887 -6.118802E-07  1.036197E+01  8.313905E-13
      3888  9.638323E-07  2.157764E+00 -2.241540E-13
      3889 -1.867291E-07  3.034543E+00  1.648404E-13
      4008  9.905856E-07 -7.417668E+00  3.723688E-13
      4026 -1.453530E-06  1.215176E+00  3.841372E-14

 total force (fx,fy,fz) for set CENTER and time  0.8562500E+00

       -6.216274E-06 -9.499436E+00  1.157879E-12

                                INCREMENT     8


 forces (fx,fy,fz) for set CENTER and time  0.1000000E+01

       200  3.940417E-08 -2.669155E+01  1.549871E-13
       201 -2.629779E-08 -2.181246E+01  6.314949E-13
       202  2.264671E-08 -3.092185E+01 -6.032952E-13
       599  3.002117E-07 -2.218212E+01  1.326272E-12
       600 -5.610375E-08 -1.323627E+01 -8.721912E-13
       601  9.203010E-08 -2.783561E+01  4.365397E-13
      1562 -1.404329E-07  8.543676E+00  3.792522E-13
      1809 -5.124324E-07 -2.127779E+01  5.173639E-14
      1810  2.549945E-07  7.208441E+00 -8.761880E-13
      1811 -1.599580E-07  1.315473E+01 -2.571277E-13
      2087  4.269960E-07 -2.403194E+01  2.131628E-14
      2315 -5.473935E-07 -2.657264E+00  8.393286E-14
      2320  1.268470E-07  1.655960E+01  8.193446E-13
      2321 -4.833519E-08 -8.175934E+00  5.382361E-13
      2322 -2.929869E-08  1.210310E+01 -4.756195E-13
      2323  5.459888E-08  4.880889E+00 -1.122435E-12
      2324  1.263949E-07  1.478411E+01  1.128209E-12
      2802 -7.039807E-07 -5.137469E+00 -9.863221E-13
      2805 -7.667089E-08  6.343813E+00 -1.687539E-13
      3544 -2.199061E-07  2.000769E+00  3.842829E-13
      3546 -4.897240E-07 -5.329134E+00 -1.014744E-13
      3552 -4.847042E-07  6.883453E+00 -8.610890E-13
      3553  2.169060E-08  9.024396E+00  1.469491E-12
      3554 -1.345219E-07  1.005933E+01  7.833734E-13
      3555 -2.002338E-08  6.240168E+00 -2.990941E-13
      3556  8.792530E-08  9.250077E+00 -8.362200E-13
      3557 -2.726947E-08  7.624691E+00 -1.766365E-13
      3558 -3.410636E-08  6.380695E+00 -1.240230E-12
      3559  2.045806E-07  1.136501E+01 -1.632028E-13
      3560 -7.204620E-08  5.840836E+00 -1.884048E-13
      3561 -5.379755E-07  3.038181E-01  6.994405E-13
      3880  5.431137E-08  7.128851E+00 -2.264855E-14
      3881  4.996128E-07 -2.875181E+00 -4.818368E-13
      3882  5.157844E-07  2.389318E+00  8.475443E-13
      3883  2.995676E-08  7.466370E+00  5.742073E-13
      3884  1.821120E-07  4.768357E+00  7.259332E-13
      3886  2.824041E-08  9.128512E+00 -6.841749E-14
      3887 -1.204539E-07  1.366708E+01 -1.688649E-13
      3888  1.873512E-07  2.328957E+00 -3.766987E-13
      3889 -3.657134E-08  3.986694E+00  5.489498E-13
      4008  1.929496E-07 -1.181561E+01  7.334133E-13
      4026 -2.909963E-07  1.021289E+00 -8.850698E-13

 total force (fx,fy,fz) for set CENTER and time  0.1000000E+01

       -1.320563E-06 -1.354314E+01  1.106136E-12
