
                        S T E P       1


                                INCREMENT     1


 forces (fx,fy,fz) for set CENTER and time  0.5000000E-01

       200  4.720962E-11 -3.174656E-01  7.181755E-16
       201 -3.724325E-11 -2.654364E-01 -4.440892E-16
       202  4.219027E-11 -3.564701E-01 -3.039236E-15
       599  4.488549E-11 -6.282281E-02  6.905500E-15
       600 -1.095269E-11 -1.473469E-02 -8.626780E-15
       601  1.633445E-10 -6.185025E-02 -2.428613E-16
      1562 -1.025816E-10  5.831740E-02  3.393119E-15
      1809 -9.535314E-10 -2.600113E-01  5.530298E-15
      1810  1.002887E-10  4.581390E-02  1.281744E-15
      1811 -1.073546E-10  7.536919E-02 -6.251076E-15
      2087  1.013412E-09 -2.939200E-01  7.684825E-15
      2315 -3.895281E-10 -2.174238E-03  5.365446E-15
      2320  1.263092E-10  8.625722E-02  5.839947E-15
      2321 -6.283272E-11 -7.397897E-03  5.948367E-15
      2322 -1.706033E-11  7.564234E-02 -9.329560E-16
      2323  4.043314E-11  3.456596E-02 -8.990204E-15
      2324  9.692115E-11  9.966053E-02  1.106754E-15
      2802 -3.597604E-10 -4.527955E-03 -9.730931E-15
      2805 -9.339925E-11  5.417752E-02  4.662937E-15
      3544 -2.045893E-10  5.452130E-03  8.552187E-16
      3546 -6.904055E-10 -7.865057E-02 -7.865236E-15
      3552 -8.632356E-10  3.697370E-02 -1.387779E-17
      3553  2.442459E-11  6.548989E-02  4.583139E-15
      3554 -9.741434E-11  7.260239E-02 -1.112305E-14
      3555 -1.139429E-11  4.627246E-02  1.585537E-15
      3556  9.604614E-11  7.460187E-02 -5.509482E-15
      3557 -1.167613E-11  5.441831E-02 -5.224987E-15
      3558 -2.442758E-11  4.647078E-02  1.547373E-15
      3559  1.843662E-10  7.214481E-02 -5.342948E-16
      3560 -5.023070E-11  4.161186E-02  3.403527E-15
      3561 -9.713901E-10 -2.208786E-02  4.038436E-15
      3880  8.253091E-11  6.661748E-02  2.688821E-15
      3881  9.564808E-10 -5.172974E-02 -1.408595E-15
      3882  9.747704E-10 -5.303117E-03  1.363493E-15
      3883 -1.917882E-10  5.437465E-02  2.310652E-15
      3884  2.051860E-10  1.889071E-02  5.708975E-15
      3886  2.684276E-11  6.480110E-02  1.304512E-15
      3887 -8.861654E-11  9.580515E-02  6.088879E-15
      3888  2.633572E-10  7.919942E-03 -3.453834E-15
      3889 -2.170839E-11  2.827527E-02 -6.956241E-16
      4008  2.513522E-10 -4.919559E-02  5.659535E-15
      4026 -2.648612E-10  5.201718E-03 -1.710437E-15

 total force (fx,fy,fz) for set CENTER and time  0.5000000E-01

       -8.856317E-10 -4.660499E-01  1.377766E-14

                                INCREMENT     2


 forces (fx,fy,fz) for set CENTER and time  0.1000000E+00

       200  1.376399E-14 -6.301757E-01  1.429412E-15
       201  1.085330E-16 -5.270495E-01 -8.881784E-16
       202  1.564522E-14 -7.075916E-01 -3.889250E-15
       599 -5.064761E-14 -1.247116E-01  7.228593E-15
       600  8.267206E-18 -2.927269E-02 -1.725182E-14
       601 -1.067940E-14 -1.225570E-01 -2.831069E-15
      1562 -1.235009E-16  1.158197E-01  6.786238E-15
      1809  5.567904E-14 -5.153883E-01 -1.087325E-14
      1810  4.283977E-15  9.094731E-02  8.010086E-16
      1811 -5.198586E-17  1.495942E-01 -1.250215E-14
      2087 -4.069656E-15 -5.822428E-01  2.370326E-14
      2315  1.093513E-14 -3.756280E-03  1.197556E-14
      2320  8.719919E-15  1.711223E-01  1.168163E-14
      2321 -9.429994E-17 -1.472655E-02  1.189587E-14
      2322  9.331752E-18  1.501753E-01 -1.866346E-15
      2323 -6.205655E-17  6.865385E-02 -1.797694E-14
      2324  9.378676E-18  1.979089E-01  2.215242E-15
      2802  3.562049E-14 -8.668146E-03 -1.172673E-14
      2805 -1.991787E-16  1.075046E-01  9.346690E-15
      3544 -2.331745E-14  1.120179E-02  1.693090E-15
      3546  3.040786E-14 -1.553125E-01 -7.528700E-15
      3552 -2.075771E-17  7.339460E-02  4.718448E-16
      3553  3.613896E-16  1.300423E-01  9.159340E-15
      3554 -9.776769E-17  1.441784E-01 -2.225303E-14
      3555  9.688045E-18  9.187059E-02  3.164136E-15
      3556  3.225014E-16  1.480608E-01 -1.101896E-14
      3557  4.097588E-18  1.080814E-01 -1.044304E-14
      3558  8.903177E-17  9.228116E-02  3.087808E-15
      3559 -2.577894E-14  1.435227E-01  1.276756E-15
      3560  2.622629E-16  8.264848E-02  6.800116E-15
      3561 -3.905976E-14 -4.376886E-02  6.647460E-15
      3880 -1.930816E-16  1.321798E-01  5.370704E-15
      3881 -4.364626E-14 -1.025741E-01 -1.984524E-15
      3882  5.147023E-14 -1.049852E-02 -3.094747E-15
      3883  1.240833E-14  1.079203E-01  4.621303E-15
      3884 -1.170333E-14  3.793265E-02  3.934353E-15
      3886 -1.522300E-16  1.287031E-01  2.609024E-15
      3887 -1.987778E-16  1.902776E-01  1.218123E-14
      3888 -3.027455E-14  1.632858E-02 -1.717376E-15
      3889  1.505177E-16  5.616224E-02 -1.380840E-15
      4008 -8.059693E-14 -9.664048E-02  6.136584E-15
      4026  5.678617E-14  1.085806E-02 -3.348016E-15

 total force (fx,fy,fz) for set CENTER and time  0.1000000E+00

       -2.391217E-14 -9.175638E-01  1.164227E-14

                                INCREMENT     3


 forces (fx,fy,fz) for set CENTER and time  0.1750000E+00

       200  8.727556E-14 -1.090413E+00  2.514655E-14
       201 -4.450537E-16 -9.123613E-01  2.764455E-14
       202 -4.508070E-14 -1.224349E+00  7.868706E-15
       599 -6.531781E-14 -2.158823E-01  2.747108E-14
       600 -2.359666E-16 -5.076652E-02  8.163609E-15
       601  1.651741E-13 -2.115965E-01 -2.989622E-14
      1562  1.388302E-16  2.005732E-01  9.027501E-15
      1809 -2.304665E-13 -8.898722E-01 -2.664535E-15
      1810 -5.501850E-14  1.573978E-01 -3.154595E-15
      1811  2.284567E-17  2.588362E-01 -4.957840E-15
      2087 -1.016685E-14 -1.004370E+00  1.280920E-14
      2315 -2.660471E-14 -5.056311E-03  1.541367E-14
      2320  1.904636E-14  2.958774E-01  4.161949E-14
      2321  3.310292E-16 -2.562310E-02  9.749146E-15
      2322 -4.264292E-17  2.599381E-01 -4.008404E-14
      2323  2.539674E-16  1.189052E-01  1.401657E-15
      2324  1.268374E-16  3.426838E-01 -4.128642E-16
      2802  1.717266E-13 -1.418712E-02 -3.398323E-14
      2805 -1.309432E-16  1.859251E-01 -2.278733E-14
      3544 -1.012350E-14  2.037327E-02  4.052314E-15
      3546  1.439357E-13 -2.666342E-01 -3.382017E-14
      3552  1.336081E-13  1.270139E-01  1.101896E-14
      3553  1.354198E-15  2.251443E-01  2.511880E-15
      3554  4.934617E-16  2.496518E-01 -2.123302E-14
      3555  1.203550E-16  1.590256E-01  2.220446E-14
      3556 -5.182160E-16  2.561408E-01  8.326673E-15
      3557  2.259504E-17  1.871852E-01 -2.606249E-14
      3558 -1.008342E-17  1.597801E-01  3.406303E-14
      3559 -1.420139E-13  2.491785E-01 -3.115563E-14
      3560  3.690703E-16  1.431439E-01 -9.922618E-15
      3561 -4.351121E-14 -7.553073E-02  6.245005E-16
      3880  4.487125E-17  2.285723E-01 -2.005340E-14
      3881 -6.509271E-14 -1.771963E-01 -3.620715E-14
      3882 -4.140010E-14 -1.808238E-02  6.786238E-15
      3883  3.141481E-14  1.867127E-01  6.522560E-16
      3884  8.961043E-14  6.677658E-02  4.123091E-14
      3886 -1.392286E-16  2.229003E-01  9.159340E-16
      3887 -1.983638E-16  3.295324E-01 -1.548761E-14
      3888  7.057324E-14  2.983821E-02 -3.197789E-14
      3889 -6.030879E-17  9.727756E-02  1.491862E-14
      4008 -1.172150E-13 -1.646175E-01  3.984833E-14
      4026 -6.578447E-14  2.017341E-02  9.825474E-15

 total force (fx,fy,fz) for set CENTER and time  0.1750000E+00

       -3.933880E-15 -1.567981E+00  1.943411E-14

                                INCREMENT     4


 forces (fx,fy,fz) for set CENTER and time  0.2875000E+00

       200 -4.025930E-14 -1.761191E+00  8.743006E-15
       201 -1.051364E-15 -1.474534E+00 -1.137979E-15
       202  1.748016E-13 -1.977490E+00  1.980360E-14
       599 -4.983614E-14 -3.491823E-01 -3.315750E-14
       600 -9.382331E-16 -8.248009E-02  3.259545E-14
       601  2.081002E-13 -3.410034E-01 -9.228729E-15
      1562 -1.165477E-15  3.244200E-01 -8.042178E-15
      1809 -1.972968E-13 -1.432632E+00 -1.024181E-14
      1810 -7.721701E-14  2.543462E-01 -1.944668E-14
      1811 -1.744231E-15  4.181446E-01 -4.809694E-14
      2087 -9.054039E-14 -1.614694E+00  5.502543E-14
      2315 -3.086827E-13 -4.708314E-03 -2.230334E-14
      2320  1.436473E-13  4.775055E-01  3.410466E-14
      2321 -3.356267E-16 -4.185756E-02  2.531655E-14
      2322 -2.444807E-16  4.201401E-01 -2.137396E-14
      2323  5.838327E-16  1.923526E-01 -5.016820E-14
      2324  1.077578E-15  5.541634E-01  3.283138E-14
      2802  3.145181E-13 -2.102271E-02  6.016715E-14
      2805 -1.632415E-15  3.001020E-01  8.049117E-16
      3544 -5.209905E-14  3.532882E-02  1.650069E-14
      3546  1.756799E-14 -4.255359E-01  1.643130E-14
      3552  1.134320E-13  2.052448E-01 -2.620126E-14
      3553 -5.919454E-16  3.640123E-01  5.462297E-14
      3554 -6.722708E-16  4.037178E-01 -4.546363E-14
      3555 -1.142836E-15  2.570340E-01  3.885781E-16
      3556  7.129328E-16  4.136282E-01 -1.962319E-14
      3557  3.139171E-16  3.027920E-01 -2.436940E-14
      3558  1.184898E-15  2.583607E-01  2.937928E-14
      3559  2.836192E-14  4.045752E-01 -4.868328E-14
      3560 -1.012270E-15  2.315644E-01  2.670086E-14
      3561 -4.147045E-13 -1.214736E-01 -2.858824E-15
      3880  1.044753E-15  3.688590E-01  2.431388E-14
      3881  9.527490E-14 -2.854791E-01 -1.537659E-14
      3882 -1.838013E-14 -2.896344E-02  2.364775E-14
      3883  6.927410E-14  3.015574E-01  1.737499E-14
      3884 -2.708986E-13  1.106693E-01  2.076117E-14
      3886 -2.054268E-16  3.605669E-01  2.067790E-15
      3887 -1.624133E-15  5.330382E-01  3.216871E-14
      3888  3.038119E-13  5.206096E-02 -1.016548E-14
      3889 -3.396493E-16  1.573833E-01 -4.948819E-14
      4008  1.307561E-13 -2.596951E-01  3.387395E-14
      4026  2.301530E-13  3.594988E-02  2.817191E-15

 total force (fx,fy,fz) for set CENTER and time  0.2875000E+00

        3.020020E-13 -2.484426E+00  1.050141E-13

                                INCREMENT     5


 forces (fx,fy,fz) for set CENTER and time  0.4562500E+00

       200 -2.622038E-13 -2.724353E+00  1.265654E-14
       201 -5.221688E-15 -2.282988E+00  6.983303E-14
       202 -7.931098E-14 -3.058936E+00 -1.504352E-14
       599  1.937377E-13 -5.423832E-01 -3.114176E-14
       600 -1.600949E-14 -1.295028E-01  5.646872E-14
       601  4.994186E-14 -5.271864E-01  2.090689E-14
      1562 -3.006956E-14  5.031371E-01  2.654127E-14
      1809 -6.477871E-13 -2.205322E+00 -4.535261E-14
      1810 -9.498403E-14  3.939397E-01 -3.052246E-14
      1811 -3.765516E-14  6.474410E-01 -2.668005E-14
      2087  2.652787E-13 -2.480276E+00  9.017787E-14
      2315 -3.377380E-15  5.798864E-04 -3.497463E-14
      2320  2.007787E-13  7.383441E-01 -1.873501E-15
      2321 -1.192405E-14 -6.634489E-02 -1.130693E-14
      2322 -6.059885E-15  6.509585E-01 -3.835560E-14
      2323  1.173114E-14  2.983702E-01 -5.712097E-14
      2324  2.814343E-14  8.591875E-01  2.345346E-14
      2802 -4.176383E-13 -2.842783E-02  3.284178E-14
      2805 -1.481991E-14  4.638809E-01  4.157785E-14
      3544 -1.768508E-13  6.035336E-02  8.198997E-14
      3546 -1.183948E-13 -6.463311E-01 -5.101475E-14
      3552  2.365447E-14  3.179350E-01  6.078471E-14
      3553  4.859804E-15  5.641628E-01 -5.692669E-14
      3554 -2.485062E-14  6.258926E-01 -5.090373E-14
      3555 -3.606559E-15  3.981760E-01 -9.992007E-15
      3556  1.780474E-14  6.398400E-01  1.254552E-14
      3557 -5.250293E-15  4.696373E-01 -1.051936E-13
      3558 -6.886645E-15  4.004835E-01  4.776735E-14
      3559  1.321903E-14  6.310551E-01 -4.551914E-15
      3560 -1.422556E-14  3.591942E-01  4.590772E-14
      3561 -3.457925E-13 -1.865914E-01 -1.609823E-14
      3880  1.004584E-14  5.699280E-01 -4.979350E-14
      3881  4.279844E-13 -4.398635E-01  2.806089E-14
      3882  9.616377E-14 -4.408205E-02 -1.648681E-14
      3883  3.898372E-13  4.666276E-01  3.941292E-14
      3884 -1.490547E-13  1.779124E-01 -4.163336E-17
      3886  6.529618E-15  5.592539E-01  6.931955E-14
      3887 -2.386973E-14  8.267306E-01 -6.569745E-14
      3888 -5.933160E-14  8.960428E-02 -1.175449E-14
      3889 -7.452334E-15  2.441682E-01  5.240253E-14
      4008  4.390018E-13 -3.878367E-01 -3.354608E-14
      4026  2.684500E-13  6.344950E-02 -1.731948E-14

 total force (fx,fy,fz) for set CENTER and time  0.4562500E+00

       -1.154652E-13 -3.730181E+00  3.095614E-14

                                INCREMENT     6


 forces (fx,fy,fz) for set CENTER and time  0.6562500E+00

       200  4.391970E-13 -3.801473E+00  1.244838E-13
       201 -2.774271E-14 -3.188809E+00  6.006307E-14
       202 -2.065523E-13 -4.268489E+00  2.137179E-15
       599  2.649655E-13 -7.632245E-01  2.842171E-14
       600 -9.160604E-14 -1.858361E-01 -1.061026E-13
       601  6.227069E-13 -7.387486E-01 -2.617351E-14
      1562 -1.669744E-13  7.047673E-01 -2.979561E-14
      1809 -4.034686E-14 -3.059453E+00  2.037259E-14
      1810  2.389635E-13  5.510351E-01 -1.399471E-13
      1811 -2.126543E-13  9.055174E-01  9.797718E-15
      2087  3.738324E-13 -3.432086E+00  7.940870E-14
      2315 -1.110043E-12  1.337130E-02  5.402102E-14
      2320  8.828837E-14  1.031247E+00  2.289002E-13
      2321 -6.447445E-14 -9.645279E-02  5.934142E-14
      2322 -3.394303E-14  9.109611E-01 -1.047998E-13
      2323  6.557921E-14  4.180039E-01  4.334033E-14
      2324  1.565332E-13  1.203118E+00 -5.494216E-14
      2802 -5.198110E-13 -3.366544E-02 -2.865763E-14
      2805 -8.661504E-14  6.470114E-01 -1.018075E-13
      3544 -1.276681E-13  9.383068E-02 -9.073298E-14
      3546 -8.976645E-13 -8.821001E-01 -1.504352E-14
      3552 -7.102002E-13  4.449314E-01  2.653433E-14
      3553  2.514625E-14  7.895560E-01  2.647882E-14
      3554 -1.476939E-13  8.762709E-01  2.470246E-14
      3555 -2.274061E-14  5.569303E-01  6.405987E-14
      3556  1.049608E-13  8.933033E-01 -2.775558E-16
      3557 -2.728576E-14  6.578649E-01  1.407208E-14
      3558 -3.603305E-14  5.605829E-01 -4.063416E-14
      3559  3.869307E-13  8.899864E-01  6.883383E-15
      3560 -7.771730E-14  5.032108E-01 -1.915135E-15
      3561 -3.481112E-14 -2.579206E-01 -4.163336E-14
      3880  5.988614E-14  7.944195E-01 -1.282308E-14
      3881 -1.730766E-13 -6.107311E-01 -1.392775E-13
      3882  7.820560E-13 -5.991710E-02  4.529710E-14
      3883  8.327410E-14  6.518355E-01 -2.287059E-14
      3884 -3.133879E-13  2.598114E-01 -2.003953E-14
      3886  3.569759E-14  7.834151E-01 -5.551115E-17
      3887 -1.361757E-13  1.158071E+00  4.010681E-14
      3888  7.255186E-13  1.402368E-01  4.640732E-14
      3889 -4.163221E-14  3.421376E-01  2.164935E-14
      4008  2.877673E-13 -5.194899E-01  1.223709E-13
      4026 -5.181734E-13  1.015328E-01  1.033340E-13

 total force (fx,fy,fz) for set CENTER and time  0.6562500E+00

       -1.083720E-12 -5.015436E+00  2.746553E-13

                                INCREMENT     7


 forces (fx,fy,fz) for set CENTER and time  0.8562500E+00

       200  7.064941E-14 -4.812213E+00  2.720046E-15
       201 -3.323346E-14 -4.040391E+00  2.670086E-14
       202 -1.550193E-13 -5.403843E+00 -2.017830E-14
       599  9.339453E-13 -9.785545E-01 -3.957945E-14
       600 -1.173899E-13 -2.448626E-01 -2.943479E-14
       601 -4.054493E-13 -9.449542E-01  5.982714E-14
      1562 -2.120390E-13  8.964683E-01 -8.333612E-15
      1809 -3.325998E-13 -3.850567E+00  2.134959E-13
      1810  8.742155E-13  7.000854E-01 -2.800954E-13
      1811 -2.710197E-13  1.150654E+00 -1.579709E-13
      2087  1.372508E-12 -4.308387E+00 -1.339484E-13
      2315 -1.307931E-12  3.205770E-02 -7.714315E-14
      2320 -9.614363E-14  1.309065E+00  9.929557E-14
      2321 -8.293799E-14 -1.289677E-01  1.059500E-13
      2322 -4.298029E-14  1.157936E+00  2.579534E-14
      2323  8.419293E-14  5.317397E-01 -7.853440E-14
      2324  1.995940E-13  1.529945E+00  1.703637E-13
      2802 -1.827553E-12 -3.628067E-02  1.156714E-13
      2805 -1.122849E-13  8.191646E-01  6.117329E-14
      3544 -2.083074E-13  1.312044E-01  4.146683E-14
      3546 -1.224437E-12 -1.091603E+00 -4.235501E-14
      3552 -1.458494E-12  5.657749E-01 -8.731904E-14
      3553  4.104034E-14  1.003334E+00  1.250111E-13
      3554 -1.894045E-13  1.113942E+00 -2.436940E-14
      3555 -2.853438E-14  7.072892E-01 -4.979350E-14
      3556  1.333243E-13  1.132210E+00 -5.362377E-14
      3557 -3.621623E-14  8.367567E-01  2.456368E-14
      3558 -4.536564E-14  7.124782E-01 -4.857226E-14
      3559  4.315446E-13  1.139790E+00 -6.639134E-14
      3560 -9.723321E-14  6.401162E-01  1.040834E-13
      3561  7.570314E-13 -3.229627E-01 -5.995204E-15
      3880  7.758914E-14  1.004973E+00  1.100231E-13
      3881  8.911021E-14 -7.689982E-01 -2.453593E-14
      3882  8.881452E-13 -7.317871E-02  1.563749E-13
      3883  5.026225E-13  8.267989E-01 -3.241851E-14
      3884 -5.125242E-13  3.441849E-01  1.219302E-13
      3886  4.638151E-14  9.964765E-01 -8.584800E-14
      3887 -1.727050E-13  1.473023E+00  5.218048E-14
      3888  4.235989E-13  1.970241E-01 -3.866352E-14
      3889 -5.408543E-14  4.353170E-01 -1.340594E-13
      4008  1.227222E-12 -6.323231E-01  1.838113E-13
      4026 -1.976992E-13  1.449740E-01  6.644685E-14

 total force (fx,fy,fz) for set CENTER and time  0.8562500E+00

       -1.068873E-12 -6.105305E+00  3.477219E-13

                                INCREMENT     8


 forces (fx,fy,fz) for set CENTER and time  0.1000000E+01

       200 -1.984940E-13 -5.499975E+00  5.628831E-14
       201 -1.912811E-15 -4.620668E+00  1.736389E-13
       202 -3.609241E-13 -6.176729E+00 -9.670043E-14
       599  4.456750E-13 -1.132059E+00 -8.232304E-14
       600 -1.499554E-14 -2.902608E-01 -1.292300E-13
       601 -5.326733E-13 -1.092753E+00 -8.812395E-15
      1562 -2.725939E-14  1.028853E+00 -8.194834E-14
      1809  6.405109E-13 -4.382728E+00 -4.796163E-14
      1810  3.519012E-13  8.029058E-01 -2.090533E-13
      1811 -3.473973E-14  1.320089E+00 -1.008638E-13
      2087  6.079442E-13 -4.894672E+00  3.097522E-14
      2315  6.913323E-13  4.840246E-02 -4.889492E-14
      2320 -3.631076E-13  1.501070E+00  2.275680E-13
      2321 -1.061468E-14 -1.546144E-01  1.550149E-13
      2322 -5.598086E-15  1.328499E+00 -1.875305E-13
      2323  1.099401E-14  6.102573E-01 -1.448841E-14
      2324  2.540699E-14  1.755574E+00  3.437528E-14
      2802 -8.290949E-13 -3.730557E-02  1.984246E-13
      2805 -1.250436E-14  9.367249E-01 -8.659740E-14
      3544 -1.626119E-13  1.603415E-01 -1.051936E-13
      3546 -2.026458E-12 -1.227104E+00 -1.110223E-16
      3552 -1.259476E-13  6.494640E-01 -3.252953E-14
      3553  7.806768E-15  1.150602E+00  1.587619E-13
      3554 -2.294534E-14  1.277789E+00 -1.070255E-13
      3555 -4.255538E-15  8.107309E-01 -1.098566E-13
      3556  1.945759E-14  1.295795E+00 -3.264056E-14
      3557 -5.698717E-15  9.602157E-01 -7.474577E-14
      3558 -4.407380E-15  8.171390E-01 -3.219647E-15
      3559  1.026226E-12  1.314481E+00 -1.190159E-13
      3560 -1.219602E-14  7.346181E-01  2.823852E-13
      3561  1.055346E-13 -3.658552E-01  1.447731E-13
      3880  1.165729E-14  1.148380E+00 -1.110223E-16
      3881  6.451496E-13 -8.753072E-01 -4.718448E-15
      3882 -6.833263E-13 -8.091254E-02  1.238454E-13
      3883 -7.083405E-13  9.469229E-01 -2.409184E-14
      3884 -1.073382E-12  4.064412E-01  1.085243E-13
      3886  7.198208E-15  1.143532E+00 -4.182765E-14
      3887 -2.267604E-14  1.690436E+00  2.123857E-13
      3888  1.161043E-12  2.413556E-01 -1.604133E-13
      3889 -6.410049E-15  4.996665E-01 -6.331047E-14
      4008 -1.634341E-12 -7.037524E-01  2.571554E-13
      4026 -4.618268E-14  1.791549E-01  2.314815E-14

 total force (fx,fy,fz) for set CENTER and time  0.1000000E+01

       -3.173260E-12 -6.775254E+00  2.140493E-13
