
                        S T E P       1


                                INCREMENT     1


 forces (fx,fy,fz) for set CENTER and time  0.5000000E-01

       200  5.006213E-16 -1.088122E-02  2.370066E-16
       201 -4.612426E-17 -9.095327E-03  1.116728E-17
       202 -1.267382E-15 -1.221828E-02  8.185726E-18
       599 -3.869669E-16 -2.153491E-03 -8.740025E-17
       600 -1.440571E-17 -5.048847E-04 -1.404855E-16
       601  1.749648E-15 -2.124005E-03 -2.754958E-16
      1562 -1.385346E-16  1.997940E-03  2.455718E-17
      1809 -1.821339E-15 -8.924289E-03  1.006140E-16
      1810 -1.144228E-15  1.570253E-03 -6.715040E-16
      1811 -1.465292E-16  2.583686E-03 -5.206881E-16
      2087  1.963197E-15 -1.009409E-02 -7.296681E-17
      2315 -8.857109E-16 -8.389754E-05 -7.494039E-17
      2320  2.215944E-15  2.958340E-03  5.974496E-16
      2321 -8.400289E-17 -2.530299E-04  3.641429E-16
      2322 -2.316133E-17  2.592379E-03 -7.429326E-17
      2323  5.344325E-17  1.184134E-03 -3.248270E-16
      2324  1.308776E-16  3.414671E-03  4.267962E-16
      2802 -1.581019E-16 -1.606201E-04  1.728489E-16
      2805 -1.110652E-16  1.857634E-03 -2.252972E-16
      3544 -3.182019E-16  1.805795E-04  3.729655E-17
      3546  4.931028E-17 -2.709265E-03 -1.188286E-16
      3552  1.511218E-16  1.267333E-03  2.341877E-17
      3553  3.635941E-17  2.244029E-03  9.887924E-17
      3554 -1.402888E-16  2.487527E-03 -1.520051E-16
      3555 -9.550885E-18  1.585735E-03  5.095750E-18
      3556  1.313728E-16  2.557484E-03 -1.973248E-17
      3557 -1.261586E-17  1.864262E-03  5.095750E-18
      3558 -3.075482E-17  1.592252E-03  1.088539E-16
      3559  5.087750E-16  2.467655E-03 -3.239596E-16
      3560 -6.289483E-17  1.425502E-03  1.647987E-16
      3561 -4.471836E-16 -7.583041E-04 -7.567731E-17
      3880  1.038110E-16  2.284315E-03  3.603888E-16
      3881  1.903906E-15 -1.774875E-03 -1.785681E-16
      3882 -3.773394E-17 -1.821901E-04  1.625219E-16
      3883 -1.880599E-17  1.864004E-03  1.619798E-16
      3884  1.022932E-15  6.403077E-04  1.871333E-16
      3886  3.801418E-17  2.219953E-03 -1.478852E-16
      3887 -1.172574E-16  3.282150E-03  4.047327E-16
      3888 -6.445545E-16  2.613693E-04 -1.340887E-16
      3889 -3.184085E-17  9.685871E-04 -3.385963E-16
      4008  5.652864E-16 -1.703232E-03  5.094124E-16
      4026  2.059328E-16  1.694254E-04  2.278451E-16

 total force (fx,fy,fz) for set CENTER and time  0.5000000E-01

        3.231317E-15 -1.609949E-02  4.429813E-16

                                INCREMENT     2


 forces (fx,fy,fz) for set CENTER and time  0.1000000E+00

       200 -5.247586E-16 -2.175689E-02  1.257675E-16
       201 -4.179571E-18 -1.818620E-02  2.211772E-17
       202  3.669742E-16 -2.443032E-02 -1.895185E-16
       599 -1.786937E-15 -4.305857E-03 -1.749360E-16
       600  7.015752E-19 -1.009514E-03 -2.809710E-16
       601 -4.827978E-16 -4.246626E-03 -4.588344E-16
      1562 -4.544720E-19  3.994923E-03  4.911436E-17
      1809 -4.449500E-15 -1.784316E-02 -1.470178E-16
      1810  3.577487E-15  3.139705E-03 -7.782200E-16
      1811 -7.494181E-19  5.166024E-03 -1.041485E-15
      2087 -6.219590E-16 -2.018163E-02  8.012254E-16
      2315 -6.518545E-17 -1.670906E-04 -5.270375E-16
      2320 -4.585676E-15  5.915034E-03  5.701819E-16
      2321 -4.476720E-19 -5.059632E-04  7.283670E-16
      2322  8.087630E-19  5.183452E-03 -1.486272E-16
      2323 -3.314084E-18  2.367708E-03 -6.496539E-16
      2324  9.816244E-19  6.827682E-03  8.535382E-16
      2802  3.302630E-15 -3.207735E-04  3.458605E-16
      2805  7.586120E-18  3.714271E-03 -4.510281E-16
      3544 -7.257749E-16  3.615092E-04  1.207801E-16
      3546 -8.028607E-16 -5.416199E-03 -1.895185E-16
      3552 -2.245758E-15  2.534013E-03 -2.350550E-16
      3553 -4.511660E-18  4.486957E-03  1.977585E-16
      3554 -2.285282E-19  4.973848E-03 -3.040103E-16
      3555 -6.439141E-18  3.170679E-03  1.040834E-17
      3556 -1.998030E-17  5.113627E-03 -3.903128E-17
      3557 -3.500967E-18  3.727638E-03  9.974660E-18
      3558 -1.631937E-18  3.183730E-03  2.179246E-16
      3559  2.773609E-15  4.934409E-03 -4.614364E-16
      3560 -9.626396E-18  2.850329E-03  3.300311E-16
      3561  3.190205E-15 -1.516135E-03  3.343679E-16
      3880 -2.096582E-18  4.567395E-03  7.212113E-16
      3881  1.234811E-15 -3.548716E-03 -8.044780E-17
      3882 -8.240090E-16 -3.642590E-04  2.144552E-16
      3883 -9.417220E-16  3.727035E-03  1.836638E-16
      3884 -2.246781E-15  1.280792E-03  3.157197E-16
      3886  2.504958E-18  4.438851E-03 -2.958788E-16
      3887  1.772292E-18  6.562734E-03  8.092485E-16
      3888  3.947502E-15  5.233146E-04 -5.166223E-16
      3889  1.587239E-18  1.936718E-03 -6.770843E-16
      4008 -4.133339E-15 -3.404391E-03  8.183829E-16
      4026  2.207381E-15  3.393881E-04  5.694230E-16

 total force (fx,fy,fz) for set CENTER and time  0.1000000E+00

       -3.877677E-15 -3.218195E-02  7.031085E-16

                                INCREMENT     3


 forces (fx,fy,fz) for set CENTER and time  0.1750000E+00

       200  1.086386E-15 -3.806000E-02  8.239937E-17
       201  1.784523E-19 -3.181415E-02  3.061787E-16
       202  1.010616E-15 -4.273667E-02 -9.345823E-17
       599  6.470039E-16 -7.532300E-03 -4.166589E-16
       600  1.476696E-18 -1.765983E-03 -1.244014E-15
       601  1.015368E-15 -7.427965E-03 -4.898425E-16
      1562 -2.903700E-18  6.988603E-03 -5.822166E-17
      1809 -7.623427E-15 -3.121130E-02 -3.434752E-16
      1810 -8.348281E-16  5.492382E-03 -7.461073E-16
      1811  1.295478E-18  9.037001E-03  7.409438E-16
      2087  8.506714E-16 -3.530066E-02  1.423341E-15
      2315  2.317255E-15 -2.905609E-04 -1.858390E-16
      2320 -1.073296E-15  1.034699E-02  1.986367E-15
      2321  6.752499E-19 -8.851834E-04 -1.648529E-16
      2322 -8.670273E-19  9.067615E-03 -4.559544E-16
      2323  3.853620E-18  4.142015E-03 -1.299958E-16
      2324  2.105438E-19  1.194409E-02  1.451747E-16
      2802  2.377485E-15 -5.601298E-04  7.089598E-16
      2805  9.285774E-18  6.497358E-03 -2.836273E-16
      3544  3.547613E-15  6.335599E-04 -1.069023E-16
      3546 -7.574475E-16 -9.472230E-03 -7.953707E-16
      3552 -1.102084E-15  4.432812E-03  1.643650E-16
      3553  1.692188E-17  7.849286E-03  8.829742E-16
      3554  1.264833E-18  8.701072E-03 -5.806987E-16
      3555 -1.299408E-17  5.546610E-03  4.570996E-16
      3556  2.389685E-18  8.945330E-03  4.692427E-16
      3557 -9.514140E-18  6.521041E-03 -6.663507E-16
      3558 -6.666274E-18  5.569493E-03 -1.066855E-16
      3559  4.053923E-15  8.632852E-03 -1.047773E-15
      3560  1.068558E-17  4.986304E-03  4.250073E-17
      3561  1.754176E-16 -2.651996E-03  1.934217E-16
      3880 -7.154644E-19  7.989701E-03 -6.236331E-16
      3881  1.941216E-15 -6.207543E-03 -3.256943E-16
      3882 -6.301607E-16 -6.371347E-04  1.977585E-16
      3883 -1.919826E-15  6.519757E-03  8.283305E-16
      3884  1.520517E-15  2.241850E-03  6.262352E-16
      3886  6.925515E-20  7.765220E-03  2.725684E-16
      3887  3.803429E-18  1.148068E-02  2.305014E-16
      3888 -4.618738E-15  9.173116E-04 -7.922265E-16
      3889 -1.118884E-17  3.388061E-03  4.943962E-17
      4008  1.074863E-15 -5.952245E-03  6.316562E-16
      4026 -1.319617E-16  5.953391E-04  9.673252E-16

 total force (fx,fy,fz) for set CENTER and time  0.1750000E+00

        2.933827E-15 -5.627372E-02  1.749401E-15

                                INCREMENT     4


 forces (fx,fy,fz) for set CENTER and time  0.2875000E+00

       200 -1.199175E-15 -6.249127E-02  6.852158E-17
       201  1.187565E-17 -5.223729E-02  5.568462E-16
       202 -5.529429E-15 -7.016988E-02 -1.543470E-15
       599 -3.107878E-15 -1.236724E-02  8.270294E-16
       600  8.970637E-18 -2.899620E-03 -1.395802E-15
       601 -8.972879E-16 -1.219416E-02 -9.705778E-16
      1562  1.222820E-18  1.147509E-02  1.152073E-15
      1809 -4.395779E-15 -5.124068E-02 -1.786765E-16
      1810 -7.539397E-16  9.018025E-03 -1.608536E-15
      1811 -3.913296E-18  1.483779E-02  3.853255E-16
      2087  1.601577E-14 -5.795161E-02  1.700896E-15
      2315  9.320822E-15 -4.728021E-04  2.050917E-15
      2320  1.161579E-15  1.698801E-02  3.039669E-15
      2321 -3.539458E-18 -1.453613E-03  5.929502E-16
      2322  9.490522E-19  1.488836E-02 -1.515769E-15
      2323 -6.886984E-18  6.801112E-03 -9.222224E-16
      2324  8.833241E-19  1.961171E-02  1.449795E-15
      2802  8.814846E-16 -9.172024E-04 -1.027390E-15
      2805  3.442966E-18  1.066779E-02 -6.357762E-16
      3544 -3.093678E-15  1.043111E-03  9.397864E-16
      3546 -1.111485E-15 -1.554645E-02 -7.702172E-16
      3552 -3.064676E-15  7.278266E-03 -1.484923E-15
      3553  2.317383E-17  1.288814E-02  6.826137E-16
      3554 -3.793952E-17  1.428683E-02 -1.073794E-15
      3555 -2.269310E-18  9.107173E-03  2.237793E-16
      3556  3.522598E-17  1.468724E-02  1.241195E-15
      3557 -7.135268E-18  1.070741E-02  4.076600E-17
      3558 -5.766174E-18  9.144872E-03  5.126108E-16
      3559  1.121642E-14  1.417672E-02 -4.310788E-16
      3560  8.749475E-18  8.187421E-03  1.881308E-15
      3561  4.074945E-15 -4.353792E-03  1.969779E-15
      3880  6.981666E-18  1.311795E-02 -3.183218E-16
      3881  1.025623E-15 -1.019143E-02  9.801188E-17
      3882  4.137597E-15 -1.045935E-03 -1.201296E-15
      3883 -1.208378E-14  1.070474E-02  4.996004E-16
      3884  7.370932E-15  3.684182E-03  6.800116E-16
      3886  7.362853E-18  1.275033E-02 -6.323067E-16
      3887  1.468628E-17  1.885100E-02 -1.321859E-15
      3888 -7.875182E-16  1.510733E-03 -1.293453E-15
      3889 -9.572052E-18  5.563153E-03 -4.675080E-16
      4008 -5.711915E-15 -9.765300E-03  8.689880E-16
      4026  4.199000E-15  9.815282E-04 -1.938120E-15

 total force (fx,fy,fz) for set CENTER and time  0.2875000E+00

        1.771414E-14 -9.233959E-02  7.313757E-16

                                INCREMENT     5


 forces (fx,fy,fz) for set CENTER and time  0.4562500E+00

       200 -9.827287E-15 -9.908556E-02  5.715914E-16
       201  4.156588E-17 -8.282976E-02  7.008283E-16
       202 -9.823825E-15 -1.112605E-01 -2.058249E-15
       599 -5.237466E-15 -1.960903E-02  6.815295E-16
       600 -2.712600E-18 -4.597701E-03 -2.027892E-15
       601  3.398508E-15 -1.933040E-02 -5.950102E-16
      1562  1.161166E-17  1.819575E-02 -1.296923E-15
      1809  1.524132E-14 -8.123339E-02 -9.332812E-16
      1810  5.608429E-16  1.429891E-02 -2.481793E-15
      1811 -3.088176E-18  2.352619E-02 -2.382643E-15
      2087 -5.779762E-15 -9.186599E-02  1.256807E-15
      2315  2.312852E-14 -7.395092E-04  1.479855E-15
      2320  1.028663E-15  2.693397E-02  4.008079E-15
      2321  4.045730E-18 -2.305368E-03  2.074079E-15
      2322 -3.466027E-18  2.360712E-02 -1.412444E-16
      2323 -1.275535E-17  1.078444E-02 -2.939489E-15
      2324 -2.987343E-18  3.109743E-02  1.169854E-15
      2802  1.055988E-15 -1.448411E-03 -5.481726E-16
      2805  5.656362E-17  1.691400E-02 -3.275158E-15
      3544 -3.951051E-15  1.660751E-03  1.211704E-15
      3546 -5.383452E-15 -2.463570E-02 -1.646253E-15
      3552 -6.913705E-16  1.154028E-02 -1.734723E-16
      3553 -3.359092E-17  2.043601E-02  1.795439E-15
      3554 -4.160225E-18  2.265406E-02 -2.425143E-15
      3555  2.038546E-17  1.444052E-02  1.586405E-15
      3556 -3.353637E-17  2.328740E-02 -5.308254E-16
      3557  1.618356E-17  1.697857E-02 -1.517883E-15
      3558 -1.409515E-17  1.450060E-02  9.263423E-16
      3559  5.527575E-15  2.248400E-02 -1.049508E-15
      3560 -7.624346E-18  1.298270E-02  1.312318E-15
      3561  1.181466E-14 -6.902002E-03  3.491998E-15
      3880 -2.191812E-17  2.079863E-02  2.133710E-15
      3881  3.820618E-15 -1.615746E-02  1.032160E-15
      3882  4.628502E-15 -1.657979E-03  2.107689E-16
      3883 -7.221069E-15  1.697299E-02  2.602085E-17
      3884  1.282580E-15  5.849354E-03  8.092485E-16
      3886 -6.192222E-17  2.021799E-02  4.727121E-16
      3887  2.392039E-17  2.989167E-02  1.012211E-15
      3888  4.268822E-15  2.406314E-03 -1.186117E-15
      3889  5.460536E-18  8.821476E-03  1.083768E-15
      4008  4.048127E-15 -1.546528E-02 -1.986258E-16
      4026  5.448442E-15  1.565894E-03 -1.781561E-15

 total force (fx,fy,fz) for set CENTER and time  0.4562500E+00

        3.731577E-14 -1.462770E-01 -1.418136E-16

                                INCREMENT     6


 forces (fx,fy,fz) for set CENTER and time  0.6562500E+00

       200  7.753038E-15 -1.423749E-01  2.242997E-15
       201 -1.081840E-16 -1.190219E-01  1.490127E-15
       202  6.736087E-15 -1.598686E-01  1.124101E-15
       599 -2.452493E-15 -2.817549E-02  2.263814E-15
       600 -9.402714E-18 -6.606595E-03 -1.105886E-16
       601 -2.017837E-15 -2.776800E-02  5.473053E-16
      1562 -2.089945E-18  2.614691E-02 -1.577731E-15
      1809 -1.638388E-14 -1.167006E-01 -2.321060E-15
      1810  4.542287E-15  2.054598E-02  1.934081E-15
      1811 -7.764451E-19  3.380377E-02 -1.876537E-15
      2087 -1.323555E-15 -1.319645E-01 -5.117434E-16
      2315 -6.761881E-15 -1.045297E-03  6.325778E-16
      2320  3.446413E-15  3.869765E-02 -1.314920E-15
      2321  2.237646E-17 -3.313501E-03  2.445310E-15
      2322  5.867688E-20  3.392129E-02  1.811404E-15
      2323 -1.274059E-17  1.549718E-02 -4.358926E-15
      2324 -3.842016E-18  4.468575E-02  1.917303E-15
      2802  2.544484E-14 -2.071183E-03 -1.175275E-15
      2805 -4.919038E-17  2.430225E-02 -2.043504E-15
      3544  2.163073E-15  2.397910E-03  1.651457E-15
      3546  1.046744E-14 -3.537389E-02 -2.170139E-15
      3552  1.444409E-15  1.658198E-02  2.806783E-15
      3553  1.679663E-18  2.936545E-02  6.435824E-15
      3554  2.990461E-17  3.255307E-02 -3.167605E-15
      3555 -5.751684E-17  2.074990E-02  1.845746E-15
      3556  6.566663E-17  3.346049E-02 -4.643855E-15
      3557  5.331250E-17  2.439803E-02 -5.464379E-16
      3558 -2.065299E-17  2.083674E-02 -1.782428E-15
      3559 -1.248004E-15  3.231642E-02 -2.340142E-15
      3560 -1.164037E-17  1.865608E-02 -1.098080E-15
      3561 -6.607626E-15 -9.915136E-03 -5.672546E-16
      3880  2.622833E-17  2.988349E-02  2.393918E-16
      3881  7.812318E-15 -2.321311E-02 -7.858297E-16
      3882 -1.645711E-14 -2.381562E-03  7.806256E-16
      3883 -3.344629E-15  2.438773E-02  1.339207E-15
      3884  3.523030E-15  8.418083E-03  4.325533E-15
      3886 -6.968388E-17  2.905305E-02 -1.340074E-15
      3887 -4.532335E-17  4.295391E-02  3.346282E-15
      3888 -1.543276E-15  3.476195E-03 -4.751841E-15
      3889 -4.098290E-17  1.267649E-02 -4.779163E-16
      4008 -1.380791E-15 -2.219044E-02  2.984158E-15
      4026 -6.060600E-15  2.266355E-03 -1.821460E-16

 total force (fx,fy,fz) for set CENTER and time  0.6562500E+00

        7.518448E-15 -2.099525E-01  3.019991E-15

                                INCREMENT     7


 forces (fx,fy,fz) for set CENTER and time  0.8562500E+00

       200  9.049214E-15 -1.855757E-01  3.233525E-15
       201  8.874745E-17 -1.551429E-01  1.804112E-15
       202  2.019236E-14 -2.083772E-01  1.238593E-15
       599  6.896700E-16 -3.672425E-02  1.409029E-15
       600  2.089025E-17 -8.611593E-03 -4.716279E-15
       601 -2.448316E-14 -3.618386E-02 -4.855491E-15
      1562  1.911951E-17  3.408285E-02  2.784665E-15
      1809 -2.450212E-14 -1.520815E-01  1.696560E-15
      1810  1.609765E-14  2.678033E-02 -4.727176E-15
      1811 -1.026350E-17  4.405992E-02 -3.256943E-16
      2087 -2.949845E-16 -1.719587E-01  3.597816E-15
      2315 -1.668144E-15 -1.339941E-03  4.150380E-15
      2320 -1.597195E-14  5.043524E-02  8.004014E-15
      2321  1.521790E-17 -4.320200E-03  2.542237E-15
      2322  4.618205E-18  4.421471E-02 -9.952705E-16
      2323  1.132189E-17  2.020099E-02 -4.445229E-15
      2324  8.849465E-18  5.824769E-02  1.908196E-15
      2802 -2.489009E-14 -2.686608E-03 -2.558717E-17
      2805 -1.992064E-16  3.167465E-02  4.683753E-16
      3544 -4.621941E-15  3.140633E-03 -4.654263E-15
      3546  4.863126E-15 -4.607496E-02  1.734723E-15
      3552  1.942084E-14  2.161334E-02 -2.720046E-15
      3553 -1.533098E-16  3.827739E-02  2.105954E-15
      3554 -1.212412E-17  4.243291E-02 -3.164136E-15
      3555 -1.092772E-16  2.704668E-02 -1.481454E-15
      3556 -1.578660E-17  4.361225E-02 -7.736867E-16
      3557 -1.734639E-18  3.180338E-02 -5.318662E-15
      3558  7.476118E-17  2.716055E-02  2.869233E-15
      3559  3.500694E-14  4.213452E-02 -4.510281E-16
      3560  8.382888E-17  2.431871E-02  4.808653E-15
      3561 -5.126999E-14 -1.292072E-02  1.571659E-15
      3880 -7.253065E-17  3.894869E-02  1.252470E-15
      3881  1.343669E-14 -3.025229E-02  5.204170E-17
      3882 -2.725698E-14 -3.103181E-03 -1.833603E-15
      3883 -2.066047E-14  3.178699E-02  9.540979E-16
      3884  9.246055E-15  1.098963E-02  1.078998E-15
      3886 -4.239608E-17  3.787131E-02  3.250872E-15
      3887 -8.471217E-18  5.599127E-02 -1.982789E-15
      3888 -4.270561E-14  4.555222E-03 -3.668940E-15
      3889  1.968197E-17  1.652426E-02 -2.053913E-15
      4008  3.968802E-14 -2.888273E-02  9.850410E-15
      4026  4.581641E-14  2.975339E-03 -1.608089E-15

 total force (fx,fy,fz) for set CENTER and time  0.8562500E+00

       -2.509653E-14 -2.733569E-01  1.256528E-14

                                INCREMENT     8


 forces (fx,fy,fz) for set CENTER and time  0.1000000E+01

       200  9.360269E-15 -2.165717E-01  4.506812E-15
       201  5.902769E-17 -1.810610E-01  5.485196E-15
       202  4.828768E-16 -2.431813E-01 -2.515349E-16
       599  1.169902E-14 -4.285779E-02  5.708541E-15
       600  2.196522E-17 -1.005031E-02 -5.024627E-15
       601  2.083057E-14 -4.221940E-02 -4.692427E-15
      1562 -8.208499E-18  3.977741E-02 -4.187189E-15
      1809  1.877231E-16 -1.774582E-01 -1.273287E-15
      1810 -3.694446E-15  3.125342E-02 -7.981517E-15
      1811  4.067990E-17  5.141833E-02  2.798109E-15
      2087 -1.663895E-14 -2.006401E-01  1.222980E-15
      2315 -8.093378E-15 -1.544857E-03  3.786034E-16
      2320 -1.334216E-14  5.885555E-02  1.170244E-14
      2321 -3.051211E-17 -5.042900E-03  8.287641E-16
      2322  3.494994E-18  5.160031E-02 -7.342163E-15
      2323 -1.585328E-18  2.357635E-02 -7.860032E-15
      2324  7.792911E-18  6.797906E-02  8.221722E-15
      2802 -1.160803E-14 -3.124428E-03 -7.300584E-15
      2805 -5.264003E-17  3.696377E-02 -2.171874E-15
      3544 -5.906344E-15  3.677894E-03 -2.099015E-16
      3546 -3.793957E-14 -5.374347E-02  2.983724E-16
      3552  1.939437E-14  2.522325E-02  9.749146E-16
      3553  3.405092E-17  4.467205E-02  2.456368E-15
      3554  1.274950E-16  4.952223E-02 -5.290907E-15
      3555 -1.164272E-16  3.156473E-02 -7.563394E-16
      3556  4.148057E-17  5.089567E-02  8.743006E-16
      3557 -3.012661E-17  3.711728E-02  3.833739E-16
      3558 -8.862815E-17  3.169818E-02  1.713907E-15
      3559 -2.962053E-14  4.918245E-02 -4.062722E-15
      3560  2.274701E-17  2.838210E-02  1.634110E-15
      3561 -1.720155E-14 -1.507632E-02  3.805983E-15
      3880  5.359241E-17  4.545216E-02 -9.818535E-16
      3881  7.400885E-16 -3.530153E-02 -5.835610E-15
      3882 -6.504708E-15 -3.620628E-03  5.936224E-15
      3883 -1.279168E-15  3.709566E-02 -5.238865E-16
      3884  2.607739E-14  1.283966E-02  3.693226E-15
      3886 -4.656144E-17  4.419909E-02 -8.170548E-16
      3887 -1.022551E-17  6.534651E-02  3.628174E-15
      3888 -3.000111E-14  5.336409E-03 -3.687155E-15
      3889 -5.626216E-17  1.928537E-02 -7.702172E-16
      4008 -1.332917E-14 -3.367259E-02  8.023096E-15
      4026  3.832923E-15  3.490173E-03  1.632375E-15

 total force (fx,fy,fz) for set CENTER and time  0.1000000E+01

       -1.025827E-13 -3.187615E-01  4.886716E-15
