
                        S T E P       1


                                INCREMENT     1


 forces (fx,fy,fz) for set CENTER and time  0.5000000E-01

       200  9.635259E-08 -2.076047E+00  1.343370E-14
       201 -7.760350E-08 -1.738649E+00 -3.216871E-14
       202  8.936552E-08 -2.331011E+00 -2.257916E-14
       599  7.615282E-08 -4.121284E-01  1.266695E-14
       600 -1.999830E-08 -9.767341E-02  1.658396E-15
       601  3.367095E-07 -4.018601E-01 -6.943751E-14
      1562 -2.087569E-07  3.827293E-01 -1.234776E-14
      1809 -1.992154E-06 -1.686127E+00  3.533285E-14
      1810  1.939652E-07  2.999334E-01  1.235730E-14
      1811 -2.157207E-07  4.930406E-01  1.214306E-14
      2087  2.129040E-06 -1.899116E+00  7.913115E-14
      2315 -7.870259E-07 -3.633294E-03  2.668872E-14
      2320  2.563692E-07  5.627862E-01  4.328482E-14
      2321 -1.261455E-07 -4.971741E-02  1.266695E-14
      2322 -3.453916E-08  4.954991E-01 -4.682929E-14
      2323  8.239495E-08  2.269383E-01 -7.050610E-14
      2324  1.974273E-07  6.537032E-01  5.882100E-14
      2802 -7.092404E-07 -2.377883E-02 -2.848416E-14
      2805 -1.931183E-07  3.536671E-01  1.054712E-14
      3544 -4.140303E-07  4.303122E-02 -2.968459E-14
      3546 -1.427677E-06 -4.987103E-01 -4.282685E-14
      3552 -1.809837E-06  2.420430E-01 -1.143530E-14
      3553  5.036310E-08  4.293462E-01  1.346145E-14
      3554 -1.991940E-07  4.762249E-01 -1.537659E-14
      3555 -2.279240E-08  3.031218E-01 -2.478573E-14
      3556  1.976630E-07  4.875720E-01 -1.121325E-14
      3557 -2.344073E-08  3.572246E-01 -1.373901E-15
      3558 -5.007223E-08  3.047477E-01  1.837419E-14
      3559  3.793881E-07  4.781675E-01 -8.831824E-14
      3560 -1.027840E-07  2.732004E-01  5.564993E-15
      3561 -2.038844E-06 -1.428712E-01  2.298162E-14
      3880  1.719527E-07  4.346411E-01  9.064971E-14
      3881  2.010501E-06 -3.360927E-01 -3.250178E-14
      3882  2.044122E-06 -3.396802E-02  3.491651E-14
      3883 -4.106464E-07  3.555020E-01  2.339795E-14
      3884  4.251272E-07  1.320847E-01  4.692080E-14
      3886  5.504901E-08  4.253872E-01  1.490474E-14
      3887 -1.810175E-07  6.288561E-01  1.881828E-14
      3888  5.465545E-07  6.357238E-02 -6.756401E-14
      3889 -4.402825E-08  1.856912E-01 -2.578493E-14
      4008  5.211177E-07 -3.027362E-01  4.528322E-14
      4026 -5.410482E-07  4.428355E-02  1.634803E-14

 total force (fx,fy,fz) for set CENTER and time  0.5000000E-01

       -1.770099E-06 -2.901125E+00  3.713566E-14

                                INCREMENT     2


 forces (fx,fy,fz) for set CENTER and time  0.1000000E+00

       200  5.225711E-12 -3.942143E+00  4.446443E-14
       201 -2.771330E-12 -3.307238E+00 -6.450396E-14
       202  2.319337E-12 -4.426478E+00 -8.060219E-14
       599  5.095011E-11 -7.926249E-01  2.534778E-14
       600 -9.429567E-12 -1.936216E-01  3.344547E-15
       601  7.775067E-12 -7.668752E-01 -1.091072E-13
      1562 -1.737249E-11  7.312804E-01 -2.472328E-14
      1809 -6.013817E-11 -3.170178E+00  1.393330E-14
      1810  3.679371E-11  5.716649E-01  2.475971E-14
      1811 -2.201212E-11  9.394235E-01  2.428613E-14
      2087  4.840683E-11 -3.555054E+00 -1.348921E-14
      2315 -7.526649E-11  1.558495E-02  6.869765E-14
      2320  1.843280E-11  1.069689E+00  8.662515E-14
      2321 -6.745923E-12 -1.006848E-01  2.533390E-14
      2322 -3.545210E-12  9.451267E-01 -9.370196E-14
      2323  6.828785E-12  4.337353E-01 -1.409567E-13
      2324  1.625532E-11  1.248329E+00  1.177392E-13
      2802 -1.045001E-10 -3.414362E-02 -4.576894E-14
      2805 -8.805062E-12  6.709434E-01  2.126077E-14
      3544 -2.894501E-11  9.866908E-02 -5.939693E-14
      3546 -6.213203E-11 -9.119635E-01  4.163336E-15
      3552 -5.377267E-11  4.616318E-01 -4.596323E-14
      3553  2.707790E-12  8.191551E-01  2.658984E-14
      3554 -1.534740E-11  9.091665E-01 -3.064216E-14
      3555 -2.348384E-12  5.777617E-01 -4.984901E-14
      3556  1.061707E-11  9.264747E-01 -2.259304E-14
      3557 -3.006508E-12  6.826119E-01 -2.470246E-15
      3558 -3.775038E-12  5.816114E-01  3.619327E-14
      3559  2.342195E-11  9.243189E-01 -6.383782E-14
      3560 -8.117951E-12  5.221477E-01  1.079692E-14
      3561 -5.670522E-11 -2.670953E-01  9.531265E-14
      3880  6.080955E-12  8.237220E-01  1.809108E-13
      3881  5.201303E-11 -6.328878E-01 -6.517009E-14
      3882  5.825176E-11 -6.187144E-02  3.241851E-14
      3883  5.134090E-12  6.761017E-01 -3.830269E-14
      3884  2.207375E-11  2.710894E-01  9.400813E-14
      3886  3.638574E-12  8.128877E-01  2.986500E-14
      3887 -1.421484E-11  1.201636E+00  3.747003E-14
      3888  2.265323E-11  1.475779E-01 -1.196820E-13
      3889 -4.304675E-12  3.550234E-01 -5.129230E-14
      4008  2.381127E-11 -5.357958E-01  3.160666E-15
      4026 -3.740261E-11  1.071158E-01  3.234912E-14

 total force (fx,fy,fz) for set CENTER and time  0.1000000E+00

       -1.772677E-10 -5.174175E+00 -8.302213E-14

                                INCREMENT     3


 forces (fx,fy,fz) for set CENTER and time  0.1750000E+00

       200  4.803950E-11 -6.388222E+00 -2.775558E-15
       201 -2.796452E-11 -5.370943E+00  1.887379E-13
       202  2.142334E-11 -7.175528E+00  4.840572E-14
       599  5.154773E-10 -1.342577E+00  6.494805E-15
       600 -9.512757E-11 -3.579926E-01 -5.014045E-14
       601  7.529989E-11 -1.297718E+00 -1.751932E-13
      1562 -1.724531E-10  1.203010E+00 -2.016859E-13
      1809 -6.066535E-10 -5.062211E+00 -1.771916E-13
      1810  3.746343E-10  9.381446E-01 -7.567558E-14
      1811 -2.200864E-10  1.543623E+00  2.677025E-14
      2087  4.864970E-10 -5.639193E+00 -7.721601E-14
      2315 -7.649354E-10  7.358276E-02  1.513546E-14
      2320  1.828794E-10  1.754688E+00  2.111089E-13
      2321 -6.809026E-11 -1.937544E-01  3.456957E-14
      2322 -3.477882E-11  1.553112E+00 -3.975986E-14
      2323  6.790912E-11  7.134836E-01 -2.351730E-13
      2324  1.620534E-10  2.052357E+00  2.081529E-13
      2802 -1.056004E-09 -3.863281E-02 -1.343370E-14
      2805 -8.875414E-11  1.089453E+00  3.852474E-14
      3544 -2.930732E-10  2.029386E-01 -4.352074E-14
      3546 -6.198088E-10 -1.393008E+00 -9.892087E-14
      3552 -5.343758E-10  7.601415E-01 -1.476597E-14
      3553  2.744699E-11  1.343798E+00  6.861178E-14
      3554 -1.525562E-10  1.492888E+00 -1.624256E-13
      3555 -2.342172E-11  9.462370E-01 -1.117995E-13
      3556  1.071608E-10  1.508969E+00  1.422196E-13
      3557 -2.946632E-11  1.122468E+00 -1.383338E-13
      3558 -3.719321E-11  9.544587E-01  4.318768E-14
      3559  2.400047E-10  1.547102E+00 -1.003642E-13
      3560 -8.032491E-11  8.588387E-01  1.360023E-13
      3561 -5.663404E-10 -4.191277E-01  7.838175E-14
      3880  6.157935E-11  1.334073E+00 -5.184742E-14
      3881  5.271456E-10 -1.010597E+00 -5.873080E-14
      3882  5.765861E-10 -8.872059E-02  1.538214E-13
      3883  4.618675E-11  1.104009E+00 -9.547918E-14
      3884  2.158882E-10  4.935838E-01  2.232659E-13
      3886  3.652178E-11  1.336823E+00  1.115774E-14
      3887 -1.405324E-10  1.976275E+00  3.880229E-14
      3888  2.242881E-10  3.061134E-01 -4.027334E-14
      3889 -4.250594E-11  5.842946E-01  5.420664E-14
      4008  2.370233E-10 -7.908132E-01  6.283168E-14
      4026 -3.790610E-10  2.292340E-01  6.400436E-14

 total force (fx,fy,fz) for set CENTER and time  0.1750000E+00

       -1.799463E-09 -7.545338E+00 -1.103128E-13

                                INCREMENT     4


 forces (fx,fy,fz) for set CENTER and time  0.2875000E+00

       200  6.085027E-10 -9.421326E+00  2.794431E-13
       201 -3.394097E-10 -7.935806E+00  3.428369E-13
       202  2.540371E-10 -1.059695E+01  1.462164E-13
       599  6.594682E-09 -2.263314E+00  9.683920E-14
       600 -1.215751E-09 -7.369810E-01 -3.453626E-13
       601  7.420299E-10 -2.247989E+00  2.745026E-14
      1562 -2.045077E-09  1.845679E+00 -1.106615E-13
      1809 -7.313838E-09 -7.313425E+00 -3.638201E-13
      1810  4.793316E-09  1.440071E+00 -2.205666E-13
      1811 -2.692399E-09  2.386233E+00  7.630008E-14
      2087  5.746983E-09 -8.070217E+00  6.077361E-13
      2315 -9.721059E-09  1.807206E-01 -1.652567E-13
      2320  2.213645E-09  2.722511E+00  3.699263E-13
      2321 -8.542599E-10 -4.229164E-01  2.692846E-13
      2322 -4.146447E-10  2.389953E+00 -2.362971E-13
      2323  7.932468E-10  1.092856E+00 -3.076706E-13
      2324  1.907225E-09  3.148388E+00  1.592476E-13
      2802 -1.355921E-08 -6.973721E-02  3.552714E-14
      2805 -1.083682E-09  1.629053E+00 -1.202372E-13
      3544 -3.742435E-09  3.995738E-01  5.190293E-14
      3546 -7.701164E-09 -1.875086E+00 -3.452794E-14
      3552 -6.307450E-09  1.181553E+00  2.056133E-13
      3553  3.248544E-10  2.049465E+00  1.799672E-13
      3554 -1.800456E-09  2.280055E+00 -1.224576E-13
      3555 -2.875492E-10  1.438941E+00 -2.492451E-13
      3556  1.294969E-09  2.270475E+00 -1.085798E-13
      3557 -3.453795E-10  1.717995E+00  3.452238E-13
      3558 -4.343341E-10  1.456000E+00 -5.001555E-14
      3559  2.794974E-09  2.431671E+00 -2.124967E-13
      3560 -9.364154E-10  1.315007E+00  1.176836E-14
      3561 -6.623574E-09 -5.711899E-01  9.103829E-14
      3880  7.401098E-10  1.981058E+00 -1.179057E-13
      3881  6.089254E-09 -1.447623E+00 -5.118128E-14
      3882  6.814907E-09 -8.093368E-02 -5.218048E-14
      3883  5.651577E-10  1.673797E+00  2.038369E-13
      3884  2.545414E-09  8.669014E-01  1.869060E-13
      3886  4.257064E-10  2.046731E+00 -1.022515E-13
      3887 -1.652201E-09  3.027575E+00 -1.242895E-13
      3888  2.695704E-09  6.011363E-01 -3.504141E-13
      3889 -4.979568E-10  8.955268E-01 -4.846124E-14
      4008  2.841716E-09 -1.086661E+00  4.390394E-13
      4026 -4.764847E-09  4.545370E-01  1.141309E-13

 total force (fx,fy,fz) for set CENTER and time  0.2875000E+00

       -2.354666E-08 -9.216686E+00  7.463561E-13

                                INCREMENT     5


 forces (fx,fy,fz) for set CENTER and time  0.4562500E+00

       200  1.185231E-10 -1.319198E+01  8.537615E-14
       201  1.056825E-11 -1.109629E+01  2.873257E-13
       202 -1.508931E-10 -1.490635E+01  2.815526E-13
       599  1.790026E-09 -4.408907E+00  2.427503E-13
       600 -3.676410E-10 -1.929805E+00 -5.598300E-13
       601 -8.095831E-10 -4.749756E+00 -2.631784E-13
      1562  2.242706E-11  2.864435E+00 -4.054812E-13
      1809 -3.235505E-09 -1.001783E+01 -1.341149E-13
      1810  1.539919E-09  2.263014E+00 -2.512712E-13
      1811 -1.184040E-10  3.835470E+00  8.204548E-14
      2087  1.579918E-09 -1.095045E+01 -3.430589E-14
      2315 -4.905484E-09  2.244178E-01  2.847722E-14
      2320 -2.078751E-10  4.468931E+00  1.152078E-12
      2321 -1.024149E-10 -1.165060E+00  2.059464E-13
      2322  1.633436E-11  3.771530E+00 -6.392109E-14
      2323  3.897114E-11  1.684961E+00 -5.422329E-13
      2324  5.742949E-11  4.896267E+00  4.200702E-13
      2802 -4.611744E-09 -3.533887E-01 -9.392487E-14
      2805  1.752776E-12  2.403288E+00  9.681145E-14
      3544 -3.033858E-09  7.694779E-01  2.564615E-14
      3546 -5.092914E-09 -2.329041E+00 -2.366995E-13
      3552 -5.107903E-10  1.926227E+00 -1.620926E-13
      3553  1.237898E-11  3.140367E+00 -2.540190E-13
      3554 -3.969554E-11  3.499652E+00 -1.072475E-13
      3555  4.254489E-12  2.193785E+00 -1.776357E-15
      3556  4.912766E-11  3.393028E+00  4.118927E-13
      3557  8.323573E-12  2.644495E+00 -2.000622E-13
      3558 -6.511393E-12  2.229790E+00  1.936229E-13
      3559  1.421124E-09  3.873274E+00 -7.460699E-14
      3560 -4.017056E-11  2.025120E+00  2.686740E-13
      3561 -1.366549E-09 -6.310192E-01 -2.828848E-13
      3880  5.342991E-12  2.870718E+00 -2.440270E-13
      3881  1.457855E-09 -1.899173E+00 -1.547651E-13
      3882  6.472750E-10  9.544718E-02  1.406653E-13
      3883  1.828146E-09  2.553454E+00  2.147171E-13
      3884  1.294987E-09  1.558349E+00  3.802514E-14
      3886  4.939953E-11  3.153503E+00 -2.453593E-13
      3887  5.256825E-12  4.675159E+00 -1.743050E-14
      3888  2.529166E-09  1.124069E+00 -1.590533E-13
      3889  4.431356E-12  1.381142E+00  4.219403E-13
      4008  2.969451E-09 -1.805878E+00 -1.801614E-13
      4026 -4.071965E-09  8.205503E-01  6.653011E-14

 total force (fx,fy,fz) for set CENTER and time  0.4562500E+00

       -1.120961E-08 -9.095012E+00 -4.298645E-15

                                INCREMENT     6


 forces (fx,fy,fz) for set CENTER and time  0.6562500E+00

       200  9.239352E-08 -1.775255E+01  8.681944E-14
       201 -6.028415E-08 -1.480350E+01  5.386802E-13
       202  5.675284E-08 -2.024314E+01  1.991740E-13
       599  7.051147E-07 -9.174913E+00  3.141376E-13
       600 -1.293384E-07 -4.910899E+00 -8.463230E-13
       601  2.575640E-07 -1.076383E+01  1.199041E-14
      1562 -3.562692E-07  4.545878E+00 -7.103207E-13
      1809 -1.287323E-06 -1.346818E+01 -6.703527E-13
      1810  5.996170E-07  3.690161E+00 -6.183942E-14
      1811 -3.888771E-07  6.473478E+00  1.452172E-13
      2087  1.110924E-06 -1.476679E+01 -2.731149E-14
      2315 -1.268424E-06 -2.304791E-01  4.274359E-13
      2320  3.319710E-07  7.818803E+00  6.585843E-13
      2321 -1.075911E-07 -3.021875E+00  1.523226E-13
      2322 -6.403271E-08  6.175434E+00 -1.432188E-13
      2323  1.529489E-07  2.642139E+00  1.728062E-13
      2324  3.538265E-07  7.808890E+00  2.270961E-13
      2802 -1.579478E-06 -1.414676E+00 -1.765255E-13
      2805 -1.792358E-07  3.584539E+00 -5.218048E-14
      3544 -5.072048E-07  1.286461E+00 -1.070810E-13
      3546 -1.181609E-06 -2.990349E+00 -2.311484E-13
      3552 -1.222916E-06  3.316485E+00  5.802026E-13
      3553  6.620662E-08  4.898962E+00  1.729727E-13
      3554 -3.381722E-07  5.464093E+00 -1.698641E-13
      3555 -4.258370E-08  3.403668E+00 -7.183143E-13
      3556  2.277708E-07  5.144804E+00  2.997602E-14
      3557 -6.249072E-08  4.137698E+00 -1.355582E-13
      3558 -8.260140E-08  3.472665E+00  1.530998E-13
      3559  5.711848E-07  6.191851E+00 -2.573497E-13
      3560 -1.839097E-07  3.169470E+00 -2.103873E-13
      3561 -1.386702E-06 -4.472022E-01  3.286260E-14
      3880  1.391391E-07  4.165431E+00  1.891820E-13
      3881  1.327997E-06 -2.291223E+00  2.726708E-13
      3882  1.340612E-06  6.674001E-01 -2.138290E-13
      3883  1.086083E-07  3.996624E+00  3.230749E-13
      3884  4.987253E-07  2.653745E+00  4.919398E-13
      3886  8.755157E-08  4.942079E+00 -8.436030E-13
      3887 -3.003302E-07  7.356295E+00  9.720801E-13
      3888  5.048204E-07  1.760372E+00 -1.927902E-13
      3889 -9.221798E-08  2.163889E+00 -1.374456E-13
      4008  5.175190E-07 -4.016347E+00 -1.949552E-13
      4026 -6.982438E-07  1.156786E+00  2.271794E-14

 total force (fx,fy,fz) for set CENTER and time  0.6562500E+00

       -2.468588E-06 -8.207850E+00  7.464515E-14

                                INCREMENT     7


 forces (fx,fy,fz) for set CENTER and time  0.8562500E+00

       200  2.941198E-07 -2.345520E+01  9.259260E-14
       201 -1.960026E-07 -1.929846E+01 -5.790923E-13
       202  1.714111E-07 -2.703658E+01  3.792522E-13
       599  2.269460E-06 -1.716188E+01  3.660405E-13
       600 -4.227949E-07 -1.002422E+01  7.016610E-14
       601  7.097507E-07 -2.119009E+01 -1.087574E-12
      1562 -1.076998E-06  7.041090E+00 -3.912426E-13
      1809 -3.898821E-06 -1.831014E+01 -9.148238E-14
      1810  1.921715E-06  5.874940E+00  5.573320E-13
      1811 -1.215398E-06  1.060772E+01  2.753353E-14
      2087  3.266897E-06 -2.044272E+01  3.419487E-14
      2315 -4.103584E-06 -1.596226E+00  6.252776E-13
      2320  9.754930E-07  1.320743E+01  7.673862E-13
      2321 -3.584058E-07 -6.191806E+00  9.237056E-14
      2322 -2.193267E-07  9.856243E+00  2.906564E-13
      2323  4.270273E-07  4.043117E+00 -1.342815E-12
      2324  9.879550E-07  1.215812E+01  2.995382E-13
      2802 -5.248943E-06 -3.615324E+00 -4.494183E-13
      2805 -5.750104E-07  5.305827E+00  2.753353E-13
      3544 -1.645302E-06  1.798257E+00 -4.129752E-13
      3546 -3.695733E-06 -4.333053E+00 -2.786660E-13
      3552 -3.689361E-06  5.520360E+00 -5.240253E-13
      3553  1.714991E-07  7.478885E+00  6.423750E-13
      3554 -1.028642E-06  8.339437E+00  3.184120E-13
      3555 -1.487013E-07  5.177321E+00 -7.067680E-13
      3556  6.730431E-07  7.707799E+00  2.851053E-13
      3557 -2.059107E-07  6.320217E+00 -4.779510E-13
      3558 -2.594326E-07  5.291819E+00  5.268008E-13
      3559  1.595810E-06  9.464105E+00 -9.525714E-14
      3560 -5.530767E-07  4.841562E+00  1.758593E-13
      3561 -4.107960E-06  1.760122E-03 -3.872458E-13
      3880  4.132457E-07  6.016705E+00  3.892442E-13
      3881  3.837987E-06 -2.674611E+00  2.264855E-13
      3882  3.945672E-06  1.715552E+00 -2.022826E-13
      3883  2.557940E-07  6.156868E+00  2.702283E-13
      3884  1.414061E-06  4.039467E+00  3.155531E-13
      3886  2.250701E-07  7.561326E+00  2.224332E-13
      3887 -9.212837E-07  1.130107E+01 -1.493250E-13
      3888  1.444679E-06  2.231030E+00 -3.321787E-13
      3889 -2.806406E-07  3.305565E+00 -8.604228E-14
      4008  1.483694E-06 -8.608495E+00  2.864375E-13
      4026 -2.195264E-06  1.183845E+00  3.587131E-13

 total force (fx,fy,fz) for set CENTER and time  0.8562500E+00

       -9.562207E-06 -1.039137E+01  3.009815E-13

                                INCREMENT     8


 forces (fx,fy,fz) for set CENTER and time  0.1000000E+01

       200  5.546009E-08 -2.849136E+01  8.035794E-13
       201 -3.691595E-08 -2.320343E+01  5.333511E-13
       202  3.182235E-08 -3.308858E+01  2.711165E-13
       599  4.154080E-07 -2.507251E+01  3.261835E-13
       600 -7.756126E-08 -1.508040E+01 -5.386802E-13
       601  1.299969E-07 -3.168272E+01 -1.896261E-13
      1562 -1.953724E-07  9.395470E+00 -3.375078E-13
      1809 -7.162748E-07 -2.298519E+01  1.199041E-13
      1810  3.562648E-07  7.968221E+00 -4.465317E-13
      1811 -2.223722E-07  1.461123E+01 -4.742873E-13
      2087  5.973150E-07 -2.612290E+01  1.838529E-13
      2315 -7.654016E-07 -3.319912E+00  1.228351E-12
      2320  1.763506E-07  1.848290E+01  1.573852E-12
      2321 -6.764597E-08 -9.313085E+00  1.088907E-12
      2322 -4.062775E-08  1.338356E+01 -1.674216E-12
      2323  7.592808E-08  5.354365E+00  1.032396E-12
      2324  1.757884E-07  1.627418E+01 -6.554757E-13
      2802 -9.837026E-07 -6.049720E+00 -5.049294E-13
      2805 -1.074574E-07  6.933443E+00  1.565414E-12
      3544 -3.080897E-07  2.087311E+00  5.960094E-13
      3546 -6.853704E-07 -5.946063E+00 -3.486100E-14
      3552 -6.781875E-07  7.663934E+00 -3.046452E-13
      3553  3.039831E-08  9.898453E+00 -2.220446E-15
      3554 -1.875593E-07  1.103137E+01  3.372858E-13
      3555 -2.795008E-08  6.841350E+00 -1.878497E-13
      3556  1.230807E-07  1.012473E+01  1.046718E-12
      3557 -3.788384E-08  8.361787E+00  2.141620E-13
      3558 -4.746141E-08  6.996366E+00 -7.527312E-14
      3559  2.849053E-07  1.242402E+01 -1.889600E-13
      3560 -1.003364E-07  6.405467E+00 -6.640244E-13
      3561 -7.526211E-07  4.805394E-01  1.110223E-14
      3880  7.622599E-08  7.760282E+00 -8.477663E-13
      3881  6.988358E-07 -2.984392E+00 -7.021050E-13
      3882  7.220467E-07  2.779660E+00  1.043610E-13
      3883  4.024718E-08  8.210813E+00  2.862155E-13
      3884  2.537688E-07  5.153019E+00  1.468270E-13
      3886  3.937882E-08  1.001450E+01 -1.454989E-12
      3887 -1.675681E-07  1.500610E+01  2.817746E-13
      3888  2.617489E-07  2.335483E+00  4.587442E-13
      3889 -5.082684E-08  4.371212E+00 -3.581510E-14
      4008  2.694445E-07 -1.374513E+01 -1.004530E-12
      4026 -4.069767E-07  8.822571E-01 -8.810730E-13

 total force (fx,fy,fz) for set CENTER and time  0.1000000E+01

       -1.849748E-06 -1.585336E+01  1.004741E-12
