
                        S T E P       1


                                INCREMENT     1


 forces (fx,fy,fz) for set CENTER and time  0.5000000E-01

       200  2.151257E-08 -1.441161E+00 -2.041423E-14
       201 -1.718864E-08 -1.206230E+00  3.541611E-14
       202  1.967138E-08 -1.618166E+00 -1.745132E-14
       599  1.836523E-08 -2.855186E-01 -3.468753E-14
       600 -4.671452E-09 -6.728910E-02 -7.806256E-15
       601  7.490371E-08 -2.793164E-01 -2.851192E-14
      1562 -4.667893E-08  2.652831E-01 -1.655273E-14
      1809 -4.407152E-07 -1.174142E+00 -1.865175E-14
      1810  4.427248E-08  2.080765E-01 -4.473418E-14
      1811 -4.847712E-08  3.421236E-01 -5.033474E-14
      2087  4.699746E-07 -1.324255E+00  5.113965E-14
      2315 -1.764361E-07 -5.215475E-03 -2.700921E-14
      2320  5.737538E-08  3.908796E-01  6.698808E-14
      2321 -2.835859E-08 -3.405737E-02  3.223116E-14
      2322 -7.739461E-09  3.436723E-01  1.417356E-14
      2323  1.841436E-08  1.572789E-01 -2.375183E-14
      2324  4.412878E-08  4.531930E-01  1.013079E-14
      2802 -1.605811E-07 -1.794485E-02  5.932060E-14
      2805 -4.290417E-08  2.456457E-01  3.469447E-15
      3544 -9.276254E-08  2.795169E-02  2.012279E-14
      3546 -3.171189E-07 -3.502326E-01 -2.384204E-14
      3552 -3.998794E-07  1.679082E-01  1.962319E-14
      3553  1.120187E-08  2.977181E-01  1.806888E-14
      3554 -4.445750E-08  3.301600E-01 -1.834644E-14
      3555 -5.131676E-09  2.102535E-01 -3.147482E-14
      3556  4.399624E-08  3.384956E-01  2.448042E-14
      3557 -5.271371E-09  2.475874E-01  2.244038E-14
      3558 -1.116498E-08  2.112965E-01 -1.672273E-14
      3559  8.446247E-08  3.302203E-01  2.997602E-15
      3560 -2.293466E-08  1.893404E-01  2.134404E-14
      3561 -4.502835E-07 -9.960703E-02  2.914335E-14
      3880  3.808713E-08  3.019585E-01 -1.405820E-14
      3881  4.437729E-07 -2.338893E-01  6.938894E-15
      3882  4.515830E-07 -2.379815E-02  2.661760E-14
      3883 -8.997423E-08  2.467633E-01  1.890155E-14
      3884  9.435723E-08  8.944543E-02  9.714451E-16
      3886  1.227124E-08  2.948280E-01 -2.001871E-14
      3887 -4.041664E-08  4.358613E-01  2.826211E-14
      3888  1.212344E-07  4.107251E-02 -4.878389E-14
      3889 -9.859052E-09  1.286789E-01 -2.118444E-14
      4008  1.156315E-07 -2.149414E-01  4.233593E-14
      4026 -1.207533E-07  2.808800E-02  2.705475E-14

 total force (fx,fy,fz) for set CENTER and time  0.5000000E-01

       -3.985420E-07 -2.051985E+00  9.783537E-14

                                INCREMENT     2


 forces (fx,fy,fz) for set CENTER and time  0.1000000E+00

       200  3.367442E-13 -2.782152E+00 -2.312039E-14
       201 -1.318800E-13 -2.331550E+00  7.080447E-14
       202 -1.039107E-13 -3.123837E+00 -3.501366E-14
       599  2.397581E-12 -5.540788E-01 -1.672967E-14
       600 -4.567038E-13 -1.324056E-01 -1.562639E-14
       601  7.501355E-14 -5.384155E-01 -1.239980E-14
      1562 -8.399771E-13  5.139031E-01 -3.312628E-14
      1809 -3.108872E-12 -2.251430E+00 -4.796163E-14
      1810  1.625388E-12  4.023379E-01 -1.715815E-14
      1811 -1.064558E-12  6.612349E-01 -1.006278E-13
      2087  2.262451E-12 -2.531797E+00  7.785439E-14
      2315 -3.727120E-12  1.080382E-03 -2.638514E-14
      2320  9.948754E-13  7.540157E-01  5.398459E-14
      2321 -3.252302E-13 -6.787485E-02  6.445192E-14
      2322 -1.723129E-13  6.648511E-01  2.833237E-14
      2323  3.299644E-13  3.047577E-01 -4.747591E-14
      2324  7.841066E-13  8.775569E-01  2.029626E-14
      2802 -5.005747E-12 -2.878627E-02  3.069073E-14
      2805 -4.223843E-13  4.737061E-01  6.994405E-15
      3544 -1.340005E-12  6.199673E-02  4.019007E-14
      3546 -2.978527E-12 -6.592907E-01 -2.808864E-14
      3552 -2.354589E-12  3.247181E-01  1.942890E-14
      3553  1.282652E-13  5.762097E-01  3.599898E-14
      3554 -7.412497E-13  6.392699E-01 -3.658185E-14
      3555 -1.139812E-13  4.066665E-01 -6.303291E-14
      3556  5.096141E-13  6.534235E-01  4.890532E-14
      3557 -1.461292E-13  4.796884E-01  4.499179E-14
      3558 -1.820536E-13  4.090392E-01 -3.372302E-14
      3559  8.175364E-13  6.447868E-01  2.697842E-14
      3560 -3.916670E-13  3.668836E-01  4.254930E-14
      3561 -2.819247E-12 -1.904625E-01  4.679590E-14
      3880  2.917680E-13  5.819824E-01 -2.828293E-14
      3881  2.831025E-12 -4.490830E-01  3.436140E-14
      3882  2.276572E-12 -4.496485E-02 -3.039236E-14
      3883  6.084876E-13  4.765453E-01 -4.718448E-15
      3884  6.010248E-13  1.821185E-01  5.717649E-14
      3886  1.752524E-13  5.712235E-01 -4.000966E-14
      3887 -6.871709E-13  8.444233E-01  5.642709E-14
      3888  9.297446E-13  9.208104E-02 -1.019115E-13
      3889 -2.087844E-13  2.493979E-01 -4.224399E-14
      4008  1.623292E-12 -3.952117E-01  2.665923E-14
      4026 -1.646992E-12  6.529063E-02  5.409562E-14

 total force (fx,fy,fz) for set CENTER and time  0.1000000E+00

       -9.370387E-12 -3.802149E+00  1.033574E-13

                                INCREMENT     3


 forces (fx,fy,fz) for set CENTER and time  0.1750000E+00

       200  2.627805E-12 -4.617249E+00  8.237855E-14
       201 -1.535694E-12 -3.876013E+00  7.177592E-14
       202  1.409077E-12 -5.184805E+00  9.603429E-15
       599  2.826020E-11 -9.361961E-01  1.521491E-13
       600 -5.233359E-12 -2.328572E-01 -6.616929E-14
       601  4.446185E-12 -9.043260E-01  4.737877E-14
      1562 -9.568500E-12  8.592548E-01 -3.157197E-14
      1809 -3.363036E-11 -3.698788E+00  5.129230E-14
      1810  2.020812E-11  6.711695E-01 -2.410919E-14
      1811 -1.216139E-11  1.103061E+00  3.907985E-14
      2087  2.640508E-11 -4.140688E+00  3.352874E-14
      2315 -4.171098E-11  2.795279E-02  5.718516E-14
      2320  1.039984E-11  1.255141E+00  7.753520E-14
      2321 -3.735801E-12 -1.222755E-01  5.265927E-14
      2322 -1.943246E-12  1.109998E+00 -9.097931E-14
      2323  3.765677E-12  5.096634E-01 -1.227213E-13
      2324  8.971057E-12  1.466511E+00  9.889312E-14
      2802 -5.754155E-11 -3.590705E-02 -1.205425E-13
      2805 -4.881714E-12  7.859136E-01  3.214096E-14
      3544 -1.586374E-11  1.235098E-01  3.938516E-14
      3546 -3.429517E-11 -1.052128E+00 -1.424416E-13
      3552 -2.997075E-11  5.422938E-01 -1.456057E-13
      3553  1.501784E-12  9.618797E-01  6.983303E-14
      3554 -8.456032E-12  1.067839E+00 -4.385381E-15
      3555 -1.296507E-12  6.781508E-01  5.939693E-15
      3556  5.889312E-12  1.086010E+00 -4.773959E-14
      3557 -1.647070E-12  8.020383E-01  9.967027E-14
      3558 -2.070836E-12  6.830208E-01 -1.078304E-13
      3559  1.427198E-11  1.091009E+00 -6.822320E-14
      3560 -4.463955E-12  6.135438E-01  3.108624E-14
      3561 -3.117746E-11 -3.105864E-01  3.125278E-14
      3880  3.376450E-12  9.643504E-01 -5.256906E-14
      3881  2.845132E-11 -7.386464E-01 -1.112999E-13
      3882  3.240976E-11 -7.077554E-02  6.789014E-14
      3883  2.128467E-12  7.929259E-01  3.880229E-14
      3884  1.141487E-11  3.272832E-01  1.360023E-13
      3886  2.015534E-12  9.551248E-01  4.554690E-14
      3887 -7.815484E-12  1.411893E+00 -1.657008E-14
      3888  1.235271E-11  1.853210E-01 -1.132289E-13
      3889 -2.365718E-12  4.172276E-01  1.421085E-14
      4008  1.400982E-11 -6.113213E-01 -1.854419E-14
      4026 -2.067805E-11  1.359810E-01 -9.262036E-14

 total force (fx,fy,fz) for set CENTER and time  0.1750000E+00

       -9.772830E-11 -5.904493E+00  8.068199E-15

                                INCREMENT     4


 forces (fx,fy,fz) for set CENTER and time  0.2875000E+00

       200  5.293616E-11 -7.015668E+00  1.719180E-13
       201 -3.044885E-11 -5.901386E+00  4.340972E-14
       202  2.358446E-11 -7.881655E+00 -3.846923E-14
       599  5.650008E-10 -1.502615E+00 -1.797174E-14
       600 -1.042874E-10 -4.141864E-01 -7.649437E-14
       601  7.900305E-11 -1.456043E+00  6.383782E-16
      1562 -1.868929E-10  1.328846E+00 -2.019079E-13
      1809 -6.599754E-10 -5.536686E+00 -1.677547E-13
      1810  4.117727E-10  1.035930E+00 -1.443463E-13
      1811 -2.396300E-10  1.705924E+00 -3.343437E-13
      2087  5.259903E-10 -6.156196E+00 -1.209588E-13
      2315 -8.390628E-10  9.381777E-02  1.003052E-13
      2320  1.985487E-10  1.939306E+00  1.644518E-13
      2321 -7.439557E-11 -2.268615E-01  2.759598E-13
      2322 -3.762591E-11  1.715733E+00  1.338131E-13
      2323  7.351563E-11  7.879945E-01 -6.786238E-14
      2324  1.756446E-10  2.266799E+00  4.728162E-14
      2802 -1.158888E-09 -4.033156E-02  1.935674E-13
      2805 -9.671524E-11  1.198263E+00 -5.340173E-14
      3544 -3.222266E-10  2.367393E-01 -1.323941E-13
      3546 -6.779960E-10 -1.503672E+00  7.616130E-14
      3552 -5.801932E-10  8.407373E-01  6.028511E-14
      3553  2.986814E-11  1.482940E+00  3.732570E-13
      3554 -1.652739E-10  1.647918E+00 -1.335598E-13
      3555 -2.549139E-11  1.043680E+00 -3.963496E-14
      3556  1.166965E-10  1.661375E+00 -5.850875E-14
      3557 -3.181953E-11  1.239537E+00 -2.159384E-14
      3558 -4.018161E-11  1.053366E+00 -1.062483E-13
      3559  2.586720E-10  1.717176E+00 -8.193446E-14
      3560 -8.683144E-11  9.484844E-01  9.059420E-14
      3561 -6.132692E-10 -4.549482E-01  8.570922E-14
      3880  6.703909E-11  1.465831E+00 -5.695444E-14
      3881  5.686763E-10 -1.104544E+00 -2.500222E-13
      3882  6.272622E-10 -9.226681E-02  5.156986E-14
      3883  5.087478E-11  1.216809E+00  2.270406E-13
      3884  2.338861E-10  5.603571E-01  5.201395E-14
      3886  3.959820E-11  1.476312E+00 -2.673417E-13
      3887 -1.520358E-10  2.182625E+00  4.669043E-13
      3888  2.432585E-10  3.573687E-01  5.700995E-14
      3889 -4.596686E-11  6.453995E-01 -1.877387E-13
      4008  2.566052E-10 -8.499169E-01 -1.179612E-14
      4026 -4.133417E-10  2.688485E-01 -6.622480E-14

 total force (fx,fy,fz) for set CENTER and time  0.2875000E+00

       -1.984116E-09 -8.018859E+00  3.442732E-14

                                INCREMENT     5


 forces (fx,fy,fz) for set CENTER and time  0.4562500E+00

       200  5.352861E-10 -9.997452E+00  2.066125E-13
       201 -2.922137E-10 -8.422215E+00  2.846612E-13
       202  2.110987E-10 -1.125011E+01 -1.465494E-14
       599  5.916614E-09 -2.497705E+00 -9.131584E-15
       600 -1.091307E-09 -8.521418E-01 -3.665401E-13
       601  5.461981E-10 -2.505202E+00 -2.121636E-13
      1562 -1.748431E-09  1.981216E+00  2.451511E-14
      1809 -6.296607E-09 -7.729909E+00  1.098011E-13
      1810  4.274103E-09  1.547231E+00 -3.666234E-13
      1811 -2.348440E-09  2.569964E+00 -9.969803E-14
      2087  4.871346E-09 -8.514353E+00  4.116707E-13
      2315 -8.661571E-09  2.001326E-01  3.059220E-13
      2320  1.914086E-09  2.937765E+00  5.415668E-13
      2321 -7.541387E-10 -4.940167E-01  3.136102E-13
      2322 -3.591594E-10  2.569298E+00 -2.803036E-13
      2323  6.690723E-10  1.172364E+00 -6.085132E-13
      2324  1.615721E-09  3.380012E+00  5.287715E-13
      2802 -1.215025E-08 -8.764168E-02 -1.817435E-13
      2805 -9.382262E-10  1.737389E+00  7.971401E-14
      3544 -3.340820E-09  4.472539E-01 -6.550316E-14
      3546 -6.767748E-09 -1.951909E+00 -3.425038E-13
      3552 -5.338273E-09  1.274584E+00  1.765255E-14
      3553  2.727481E-10  2.196527E+00  7.416290E-14
      3554 -1.531974E-09  2.444356E+00 -5.861978E-14
      3555 -2.519475E-10  1.541136E+00  2.353673E-14
      3556  1.111173E-09  2.425368E+00  9.259260E-14
      3557 -2.952596E-10  1.842616E+00 -1.208478E-13
      3558 -3.686820E-10  1.560459E+00  6.661338E-16
      3559  2.360158E-09  2.622381E+00  2.287059E-14
      3560 -7.914567E-10  1.410505E+00 -8.315570E-14
      3561 -5.570150E-09 -5.920079E-01  2.060574E-13
      3880  6.307203E-10  2.108538E+00 -2.241540E-13
      3881  5.081779E-09 -1.524494E+00 -1.484368E-13
      3882  5.756870E-09 -6.947820E-02 -8.748557E-14
      3883  5.015038E-10  1.792081E+00  1.242340E-13
      3884  2.165312E-09  9.546535E-01  2.222111E-13
      3886  3.558846E-10  2.195419E+00 -1.176836E-14
      3887 -1.406767E-09  3.248234E+00  9.908740E-14
      3888  2.319499E-09  6.711912E-01 -2.128575E-13
      3889 -4.231652E-10  9.607723E-01 -5.806466E-14
      4008  2.453577E-09 -1.155635E+00  3.982392E-13
      4026 -4.224554E-09  5.065614E-01  9.714451E-14

 total force (fx,fy,fz) for set CENTER and time  0.4562500E+00

       -2.138839E-08 -9.346266E+00  6.325309E-13

                                INCREMENT     6


 forces (fx,fy,fz) for set CENTER and time  0.6562500E+00

       200  4.736861E-11 -1.301866E+01  3.578249E-13
       201 -2.396327E-11 -1.095266E+01 -4.418688E-14
       202  1.148296E-11 -1.470620E+01  2.314815E-13
       599 -5.767309E-11 -4.273940E+00  1.638689E-13
       600  2.122047E-12 -1.849000E+00 -2.498002E-13
       601  2.145707E-10 -4.585516E+00 -2.143286E-13
      1562 -1.930018E-10  2.809914E+00  2.521525E-13
      1809 -1.737660E-09 -9.892910E+00  3.175238E-13
      1810  2.230949E-10  2.217956E+00  1.824929E-13
      1811 -7.483926E-11  3.754120E+00 -9.414691E-14
      2087  1.391921E-09 -1.081650E+01  2.327027E-13
      2315 -1.144272E-09  2.288853E-01 -1.145473E-13
      2320  4.017542E-11  4.368293E+00  6.614709E-13
      2321  3.448910E-13 -1.114649E+00 -1.204592E-14
      2322 -3.626833E-12  3.695708E+00  5.301315E-15
      2323  1.446520E-10  1.653579E+00 -2.739475E-13
      2324  2.994163E-10  4.802319E+00 -7.564609E-14
      2802 -3.758063E-10 -3.295545E-01 -1.644240E-13
      2805 -5.938140E-11  2.363722E+00  1.978417E-13
      3544 -8.349855E-10  7.500234E-01 -1.174616E-13
      3546 -1.803510E-09 -2.308990E+00 -4.589662E-13
      3552 -1.103227E-09  1.883871E+00 -7.549517E-14
      3553  7.247815E-11  3.082706E+00  6.550316E-14
      3554 -2.395997E-10  3.435178E+00 -3.108624E-13
      3555  4.154254E-12  2.154033E+00  9.225953E-14
      3556  1.480031E-10  3.334897E+00  1.145750E-13
      3557 -2.739702E-11  2.595469E+00 -6.038503E-13
      3558 -5.664078E-11  2.188957E+00  2.635669E-13
      3559  9.789054E-10  3.796325E+00 -2.706724E-13
      3560 -1.555661E-10  1.987542E+00 -2.087219E-14
      3561 -1.704758E-09 -6.326943E-01 -2.615685E-13
      3880  1.000695E-10  2.826369E+00 -6.483702E-14
      3881  1.820180E-09 -1.881261E+00 -3.972378E-13
      3882  1.316181E-09  8.132611E-02  2.108314E-13
      3883  6.562867E-10  2.506709E+00  2.464695E-13
      3884  8.272734E-10  1.520748E+00  2.148282E-14
      3886  1.102037E-10  3.094863E+00  2.818301E-13
      3887 -1.849330E-10  4.587582E+00 -1.886269E-13
      3888  1.157210E-09  1.097837E+00 -1.766920E-13
      3889 -5.946543E-11  1.355429E+00  1.993961E-13
      4008  1.280760E-09 -1.754083E+00  1.920963E-13
      4026 -1.286379E-09  8.036340E-01  2.948197E-13

 total force (fx,fy,fz) for set CENTER and time  0.6562500E+00

       -2.798298E-10 -9.138605E+00  3.952758E-13

                                INCREMENT     7


 forces (fx,fy,fz) for set CENTER and time  0.8562500E+00

       200  6.410216E-09 -1.603094E+01  1.143530E-13
       201 -4.168701E-09 -1.341959E+01  1.931788E-13
       202  3.950251E-09 -1.821432E+01  2.187139E-13
       599  4.966633E-08 -7.132315E+00  2.915446E-13
       600 -9.112324E-09 -3.615545E+00 -6.414869E-13
       601  1.821124E-08 -8.150881E+00  2.080558E-13
      1562 -2.515869E-08  3.862445E+00  4.847789E-13
      1809 -9.014418E-08 -1.212215E+01 -1.084466E-12
      1810  4.180108E-08  3.103056E+00 -5.893064E-13
      1811 -2.731455E-08  5.377617E+00 -3.359535E-13
      2087  7.791818E-08 -1.324993E+01  7.998047E-13
      2315 -8.849969E-08  1.828543E-02  1.305622E-13
      2320  2.349598E-08  6.412143E+00  4.496403E-13
      2321 -7.340912E-09 -2.215942E+00  6.694645E-14
      2322 -4.446594E-09  5.186272E+00 -1.746381E-13
      2323  1.093843E-08  2.255072E+00 -1.212669E-12
      2324  2.528433E-08  6.622177E+00  1.325995E-12
      2802 -1.096329E-07 -9.211765E-01 -3.563816E-13
      2805 -1.243293E-08  3.110026E+00  2.544631E-13
      3544 -3.527292E-08  1.096166E+00 -6.300516E-14
      3546 -8.254623E-08 -2.701710E+00  3.843592E-13
      3552 -8.558032E-08  2.736111E+00  4.658496E-13
      3553  4.755666E-09  4.187535E+00 -4.884981E-14
      3554 -2.386037E-08  4.669898E+00 -5.684342E-13
      3555 -2.929056E-09  2.914544E+00 -1.580958E-13
      3556  1.604281E-08  4.438785E+00  5.233591E-13
      3557 -4.375090E-09  3.534236E+00  1.987299E-14
      3558 -5.808403E-09  2.970337E+00  5.417888E-14
      3559  4.089417E-08  5.262523E+00  4.063416E-14
      3560 -1.301684E-08  2.707041E+00  1.836309E-13
      3561 -9.745779E-08 -5.440085E-01 -2.209344E-13
      3880  9.757614E-09  3.650197E+00  2.531308E-14
      3881  9.365556E-08 -2.157993E+00 -9.459100E-14
      3882  9.408324E-08  4.113685E-01 -1.287859E-14
      3883  8.367563E-09  3.409013E+00 -5.151435E-14
      3884  3.564238E-08  2.225674E+00  5.265233E-13
      3886  6.314059E-09  4.218753E+00 -1.098566E-13
      3887 -2.117281E-08  6.270133E+00  1.451061E-13
      3888  3.601806E-08  1.540670E+00  2.570860E-15
      3889 -6.523862E-09  1.847696E+00 -1.895706E-13
      4008  3.707570E-08 -2.995056E+00 -1.723066E-13
      4026 -4.901574E-08  1.060318E+00  4.049192E-14

 total force (fx,fy,fz) for set CENTER and time  0.8562500E+00

       -1.655280E-07 -8.373472E+00  8.649886E-13

                                INCREMENT     8


 forces (fx,fy,fz) for set CENTER and time  0.1000000E+01

       200  2.402911E-09 -1.843327E+01  7.065459E-13
       201 -1.577931E-09 -1.534640E+01  3.967937E-13
       202  1.393655E-09 -2.104893E+01  2.453593E-14
       599  1.989649E-08 -1.004354E+01 -1.876277E-13
       600 -3.698665E-09 -5.464921E+00  2.875478E-13
       601  5.791120E-09 -1.188439E+01 -1.931788E-14
      1562 -9.146299E-09  4.827939E+00 -4.788392E-13
      1809 -3.216591E-08 -1.401613E+01 -4.152234E-14
      1810  1.620073E-08  3.934371E+00  5.717649E-14
      1811 -1.032188E-08  6.931948E+00 -3.708145E-14
      2087  2.695923E-08 -1.539362E+01  3.854694E-13
      2315 -3.425133E-08 -3.525618E-01  5.706546E-13
      2320  8.410514E-09  8.411162E+00  6.423750E-13
      2321 -2.875905E-09 -3.366159E+00  1.446621E-13
      2322 -1.811638E-09  6.586879E+00 -4.266587E-13
      2323  3.718738E-09  2.801343E+00 -5.477147E-13
      2324  8.611798E-09  8.299433E+00 -2.408074E-13
      2802 -4.393148E-08 -1.635875E+00  2.244871E-13
      2805 -4.687471E-09  3.779523E+00  1.032285E-12
      3544 -1.350965E-08  1.357771E+00 -2.764455E-13
      3546 -3.046271E-08 -3.119801E+00 -2.893241E-13
      3552 -3.036008E-08  3.559987E+00 -6.801226E-13
      3553  1.505582E-09  5.191763E+00  7.938095E-13
      3554 -8.662809E-09  5.790768E+00  1.803002E-13
      3555 -1.205992E-09  3.604946E+00 -7.396306E-13
      3556  5.662378E-09  5.435209E+00 -2.606804E-13
      3557 -1.712005E-09  4.385824E+00 -7.175371E-13
      3558 -2.167028E-09  3.679286E+00  1.095790E-13
      3559  1.379014E-08  6.570619E+00 -1.521006E-12
      3560 -4.679900E-09  3.359590E+00  1.127987E-13
      3561 -3.393086E-08 -4.023186E-01 -2.930989E-14
      3880  3.422607E-09  4.376158E+00 -2.919887E-13
      3881  3.189807E-08 -2.340689E+00 -5.688783E-13
      3882  3.265280E-08  7.786623E-01  6.497025E-13
      3883  2.679314E-09  4.239697E+00  7.158718E-13
      3884  1.217277E-08  2.823585E+00  5.802581E-13
      3886  1.999025E-09  5.239628E+00  2.587930E-13
      3887 -7.769579E-09  7.803618E+00  4.975048E-13
      3888  1.229372E-08  1.837632E+00 -4.210521E-14
      3889 -2.384531E-09  2.293830E+00 -1.867950E-13
      4008  1.271202E-08 -4.474849E+00  2.525757E-13
      4026 -1.829843E-08  1.183290E+00  4.310441E-14

 total force (fx,fy,fz) for set CENTER and time  0.1000000E+01

       -7.543846E-08 -8.238990E+00  1.083439E-12
