
                        S T E P       1


                                INCREMENT     1


 forces (fx,fy,fz) for set CENTER and time  0.5000000E-01

       200  1.269999E-07 -2.219562E+00  6.561418E-14
       201 -1.024819E-07 -1.859089E+00 -3.491651E-14
       202  1.181882E-07 -2.492152E+00 -3.108624E-14
       599  9.844010E-08 -4.408928E-01 -3.358078E-14
       600 -2.606745E-08 -1.046594E-01 -2.479961E-14
       601  4.441750E-07 -4.296100E-01  2.223915E-14
      1562 -2.750434E-07  4.093444E-01 -5.946285E-14
      1809 -2.631637E-06 -1.801389E+00 -8.243406E-15
      1810  2.542730E-07  3.207284E-01 -4.411922E-14
      1811 -2.838771E-07  5.272009E-01 -1.661865E-14
      2087  2.813941E-06 -2.028300E+00 -6.966649E-15
      2315 -1.036333E-06 -2.938736E-03  2.962040E-16
      2320  3.377108E-07  6.016579E-01  1.976891E-14
      2321 -1.659831E-07 -5.334848E-02  2.718312E-14
      2322 -4.548262E-08  5.298809E-01  2.692117E-14
      2323  1.085709E-07  2.427261E-01 -2.578493E-14
      2324  2.601401E-07  6.991314E-01  5.259682E-15
      2802 -9.316461E-07 -2.493142E-02  7.167877E-14
      2805 -2.548433E-07  3.780754E-01 -1.526557E-15
      3544 -5.452605E-07  4.669295E-02 -5.241640E-14
      3546 -1.884133E-06 -5.317505E-01 -2.642331E-14
      3552 -2.391481E-06  2.588303E-01  1.479372E-14
      3553  6.644095E-08  4.591576E-01  5.817569E-14
      3554 -2.625612E-07  5.093144E-01 -4.921064E-14
      3555 -2.997928E-08  3.241463E-01  7.160939E-14
      3556  2.607215E-07  5.212792E-01 -3.672063E-14
      3557 -3.083969E-08  3.820712E-01 -3.759493E-14
      3558 -6.601581E-08  3.259154E-01 -3.121114E-14
      3559  5.003902E-07  5.118533E-01 -6.603051E-14
      3560 -1.354883E-07  2.922066E-01 -2.217670E-14
      3561 -2.694356E-06 -1.525889E-01  2.683964E-14
      3880  2.270773E-07  4.646095E-01  5.087597E-14
      3881  2.657263E-06 -3.591168E-01 -3.860801E-14
      3882  2.701153E-06 -3.622839E-02  2.872702E-14
      3883 -5.437251E-07  3.800972E-01  4.607426E-15
      3884  5.611472E-07  1.420252E-01  9.156564E-14
      3886  7.258326E-08  4.549756E-01  1.271205E-14
      3887 -2.385803E-07  6.725931E-01  3.086420E-14
      3888  7.215381E-07  6.905922E-02 -5.556666E-14
      3889 -5.798743E-08  1.986145E-01  5.712097E-14
      4008  6.879016E-07 -3.219960E-01  2.939662E-14
      4026 -7.132085E-07  4.828852E-02  3.368833E-14

 total force (fx,fy,fz) for set CENTER and time  0.5000000E-01

       -2.328356E-06 -3.088078E+00  4.687353E-14

                                INCREMENT     2


 forces (fx,fy,fz) for set CENTER and time  0.1000000E+00

       200  8.541439E-12 -4.198675E+00  1.311173E-13
       201 -4.843944E-12 -3.523288E+00 -7.016610E-14
       202  3.803459E-12 -4.714609E+00 -6.250556E-14
       599  8.946448E-11 -8.466664E-01  3.816392E-14
       600 -1.645778E-11 -2.081427E-01 -4.960615E-14
       601  1.280599E-11 -8.185833E-01  3.372302E-15
      1562 -3.033205E-11  7.797592E-01 -1.190020E-13
      1809 -1.060507E-10 -3.371591E+00 -7.766010E-14
      1810  6.490446E-11  6.093721E-01 -7.407963E-14
      1811 -3.843326E-11  1.001413E+00 -3.322342E-14
      2087  8.445821E-11 -3.778477E+00 -3.214096E-14
      2315 -1.325443E-10  1.994521E-02 -5.907601E-14
      2320  3.135721E-11  1.139954E+00  5.734302E-14
      2321 -1.178785E-11 -1.086246E-01  5.438011E-14
      2322 -6.183346E-12  1.007589E+00  5.378770E-14
      2323  1.192651E-11  4.624993E-01 -5.152823E-14
      2324  2.839421E-11  1.330987E+00  1.057487E-14
      2802 -1.817794E-10 -3.491089E-02 -1.831868E-15
      2805 -1.538966E-11  7.146051E-01 -2.886580E-15
      3544 -5.096554E-11  1.077871E-01 -1.322276E-13
      3546 -1.068832E-10 -9.658470E-01 -2.980949E-14
      3552 -9.358756E-11  4.921756E-01  6.916689E-14
      3553  4.735040E-12  8.732507E-01  1.161293E-13
      3554 -2.680384E-11  9.692963E-01 -9.825474E-14
      3555 -4.102239E-12  6.158230E-01  1.429412E-13
      3556  1.855871E-11  9.870246E-01 -7.344125E-14
      3557 -5.242269E-12  7.278576E-01 -7.494005E-14
      3558 -6.584833E-12  6.200454E-01 -6.292189E-14
      3559  4.218112E-11  9.872728E-01 -8.010259E-14
      3560 -1.417692E-11  5.567722E-01 -4.476974E-14
      3561 -9.914767E-11 -2.837307E-01  7.410739E-14
      3880  1.063641E-11  8.771568E-01  1.018075E-13
      3881  9.215427E-11 -6.731901E-01 -7.194245E-14
      3882  1.004550E-10 -6.535267E-02  3.863576E-14
      3883  8.341501E-12  7.204169E-01 -5.118128E-14
      3884  3.789261E-11  2.920303E-01  1.153799E-13
      3886  6.358235E-12  8.667743E-01  2.545186E-14
      3887 -2.481425E-11  1.281290E+00  6.147860E-14
      3888  3.849769E-11  1.614229E-01 -3.548550E-14
      3889 -7.512920E-12  3.785862E-01  1.145195E-13
      4008  4.092734E-11 -5.650198E-01  5.041106E-14
      4026 -6.582240E-11  1.176757E-01  1.397216E-13

 total force (fx,fy,fz) for set CENTER and time  0.1000000E+00

       -3.130520E-10 -5.457925E+00  9.706645E-15

                                INCREMENT     3


 forces (fx,fy,fz) for set CENTER and time  0.1750000E+00

       200  8.132499E-11 -6.768019E+00 -1.308953E-13
       201 -4.685034E-11 -5.691986E+00 -7.416290E-14
       202  3.657290E-11 -7.602881E+00  1.572076E-13
       599  8.637479E-10 -1.438127E+00  1.486172E-13
       600 -1.595275E-10 -3.910363E-01  3.910761E-14
       601  1.243641E-10 -1.391946E+00  4.576894E-14
      1562 -2.882520E-10  1.278858E+00 -2.665923E-14
      1809 -1.014903E-09 -5.349967E+00 -1.983969E-13
      1810  6.297172E-10  9.970720E-01 -8.131343E-14
      1811 -3.684120E-10  1.641349E+00 -5.143108E-14
      2087  8.118318E-10 -5.953033E+00  1.719180E-13
      2315 -1.284324E-09  8.561423E-02  8.141404E-14
      2320  3.050699E-10  1.865788E+00  2.833844E-14
      2321 -1.141963E-10 -2.131629E-01  2.675637E-14
      2322 -5.806592E-11  1.651088E+00  6.676951E-14
      2323  1.134851E-10  7.584043E-01 -4.968248E-15
      2324  2.709315E-10  2.181610E+00  6.641909E-14
      2802 -1.771734E-09 -3.953262E-02  2.053913E-14
      2805 -1.487060E-10  1.155204E+00  1.533218E-13
      3544 -4.925586E-10  2.230113E-01  1.503797E-13
      3546 -1.038696E-09 -1.460658E+00  3.419487E-14
      3552 -8.947776E-10  8.086438E-01 -2.479128E-13
      3553  4.598402E-11  1.427715E+00 -6.861178E-14
      3554 -2.549983E-10  1.586376E+00 -7.271961E-14
      3555 -3.919696E-11  1.005021E+00  1.099121E-14
      3556  1.795015E-10  1.601005E+00  1.310063E-13
      3557 -4.917101E-11  1.193051E+00  1.150746E-13
      3558 -6.209451E-11  1.014110E+00 -1.134093E-13
      3559  4.007695E-10  1.649416E+00  1.810774E-13
      3560 -1.341587E-10  9.128861E-01  1.341149E-13
      3561 -9.482708E-10 -4.410136E-01 -1.393330E-13
      3880  1.031799E-10  1.413751E+00  1.054712E-13
      3881  8.796551E-10 -1.067641E+00  4.041212E-14
      3882  9.669468E-10 -9.109466E-02  1.680323E-13
      3883  7.759440E-11  1.172071E+00 -1.125766E-13
      3884  3.604730E-10  5.334462E-01  5.517808E-14
      3886  6.108908E-11  1.420921E+00 -2.134404E-13
      3887 -2.347508E-10  2.100674E+00  8.118506E-14
      3888  3.749930E-10  3.365700E-01 -2.938760E-13
      3889 -7.098762E-11  6.211314E-01 -3.799738E-14
      4008  3.945668E-10 -8.267427E-01  1.293896E-13
      4026 -6.364760E-10  2.527834E-01 -2.554623E-13

 total force (fx,fy,fz) for set CENTER and time  0.1750000E+00

       -3.029309E-09 -7.839271E+00  2.195188E-13

                                INCREMENT     4


 forces (fx,fy,fz) for set CENTER and time  0.2875000E+00

       200  8.662247E-10 -9.925608E+00  1.005862E-13
       201 -4.767156E-10 -8.361597E+00  3.116396E-13
       202  3.483715E-10 -1.116858E+01  1.675327E-13
       599  9.475232E-09 -2.467021E+00 -4.826695E-14
       600 -1.747146E-09 -8.367306E-01 -3.189393E-13
       601  9.563423E-10 -2.471213E+00  1.285638E-13
      1562 -2.858189E-09  1.963993E+00 -9.007378E-14
      1809 -1.026989E-08 -7.678126E+00 -1.332268E-14
      1810  6.866375E-09  1.533579E+00  1.618428E-13
      1811 -3.806866E-09  2.546469E+00  6.367129E-14
      2087  8.002461E-09 -8.459203E+00  2.620126E-13
      2315 -1.392177E-08  1.978275E-01 -7.821521E-14
      2320  3.114593E-09  2.910135E+00  2.188250E-13
      2321 -1.217769E-09 -4.844841E-01  1.095513E-13
      2322 -5.835309E-10  2.546437E+00  8.658352E-14
      2323  1.100126E-09  1.162273E+00 -1.123546E-13
      2324  2.651943E-09  3.350567E+00 -1.100231E-13
      2802 -1.947866E-08 -8.506158E-02  1.528777E-13
      2805 -1.526710E-09  1.723730E+00  2.213785E-13
      3544 -5.365945E-09  4.411166E-01  1.357803E-13
      3546 -1.093885E-08 -1.942559E+00 -2.944311E-13
      3552 -8.772137E-09  1.262663E+00 -1.516565E-13
      3553  4.497954E-10  2.177876E+00  8.615331E-14
      3554 -2.509621E-09  2.423515E+00 -1.205702E-13
      3555 -4.076221E-10  1.528185E+00 -9.459100E-14
      3556  1.814895E-09  2.405797E+00  4.884981E-15
      3557 -4.823790E-10  1.826803E+00  6.589174E-14
      3558 -6.044156E-10  1.547213E+00 -1.492140E-13
      3559  3.879392E-09  2.598095E+00 -9.126033E-14
      3560 -1.300081E-09  1.398387E+00  2.017275E-13
      3561 -9.173737E-09 -5.896004E-01 -6.150636E-14
      3880  1.033565E-09  2.092519E+00 -1.649791E-13
      3881  8.398628E-09 -1.515043E+00 -3.186340E-14
      3882  9.469385E-09 -7.114889E-02  2.208234E-13
      3883  8.033431E-10  1.777082E+00 -3.586020E-14
      3884  3.546349E-09  9.433695E-01  1.928457E-13
      3886  5.877038E-10  2.176550E+00 -1.685319E-13
      3887 -2.303447E-09  3.220220E+00 -1.714739E-13
      3888  3.784874E-09  6.622128E-01 -2.364775E-13
      3889 -6.933363E-10  9.524917E-01 -9.325873E-15
      4008  3.995689E-09 -1.146550E+00  1.925196E-14
      4026 -6.800530E-09  4.999356E-01  1.200151E-13

 total force (fx,fy,fz) for set CENTER and time  0.2875000E+00

       -3.409406E-08 -9.333485E+00  4.795019E-13

                                INCREMENT     5


 forces (fx,fy,fz) for set CENTER and time  0.4562500E+00

       200  6.789205E-10 -1.391074E+01 -2.349232E-13
       201 -4.936762E-10 -1.168976E+01 -2.347011E-13
       202  5.241841E-10 -1.573869E+01 -2.388090E-13
       599  4.753605E-10 -5.009093E+00 -9.081624E-14
       600 -1.170502E-10 -2.293622E+00 -1.859624E-14
       601  4.008402E-09 -5.486606E+00 -2.990941E-13
      1562 -3.347192E-09  3.098905E+00 -4.313216E-14
      1809 -1.814087E-08 -1.053925E+01 -2.449152E-13
      1810  2.889673E-09  2.457923E+00  8.432144E-14
      1811 -2.219039E-09  4.189341E+00  1.942890E-14
      2087  1.611202E-08 -1.151230E+01  1.242340E-13
      2315 -1.037267E-08  1.964107E-01 -2.801093E-13
      2320  2.036660E-09  4.909377E+00  5.382361E-13
      2321 -3.393184E-10 -1.392022E+00  1.363909E-13
      2322 -3.213766E-10  4.099627E+00 -1.081357E-13
      2323  1.960158E-09  1.819594E+00 -4.816703E-13
      2324  4.248426E-09  5.300752E+00 -2.672862E-13
      2802 -4.887169E-09 -4.656124E-01  4.675149E-13
      2805 -1.317605E-09  2.571937E+00  8.382184E-13
      3544 -6.431514E-09  8.514310E-01 -3.083089E-13
      3546 -1.604841E-08 -2.414343E+00 -3.907985E-14
      3552 -1.507159E-08  2.111007E+00  2.238210E-13
      3553  9.459116E-10  3.387676E+00  1.365574E-13
      3554 -3.625705E-09  3.776152E+00 -6.430412E-13
      3555 -1.427359E-10  2.364179E+00 -4.232170E-13
      3556  2.298738E-09  3.641455E+00  3.050893E-13
      3557 -5.288552E-10  2.854752E+00  3.551603E-13
      3558 -8.720925E-10  2.404850E+00 -3.775869E-13
      3559  9.954365E-09  4.203078E+00 -5.959677E-13
      3560 -2.187887E-09  2.186279E+00  3.714806E-13
      3561 -2.045123E-08 -6.193024E-01  1.660894E-13
      3880  1.530293E-09  3.058719E+00 -1.221245E-13
      3881  2.122077E-08 -1.970595E+00 -2.664535E-15
      3882  1.747271E-08  1.606930E-01  1.992850E-13
      3883  4.448151E-09  2.754385E+00  5.928591E-13
      3884  8.342127E-09  1.719074E+00  2.400857E-13
      3886  1.348041E-09  3.405066E+00  7.682743E-14
      3887 -3.013760E-09  5.051167E+00 -2.096934E-13
      3888  1.005140E-08  1.232882E+00 -1.829370E-13
      3889 -9.523501E-10  1.491419E+00  2.772227E-13
      4008  1.071673E-08 -2.045726E+00  3.370637E-13
      4026 -1.029415E-08  8.886936E-01  3.413936E-13

 total force (fx,fy,fz) for set CENTER and time  0.4562500E+00

        8.679400E-11 -8.900842E+00  3.844702E-13

                                INCREMENT     6


 forces (fx,fy,fz) for set CENTER and time  0.6562500E+00

       200  2.003115E-07 -1.899320E+01  2.549072E-13
       201 -1.307424E-07 -1.579138E+01  2.098322E-13
       202  1.207291E-07 -2.171305E+01 -1.260103E-13
       599  1.546348E-06 -1.077973E+01  4.045653E-13
       600 -2.843976E-07 -5.935325E+00 -5.970779E-13
       601  5.335330E-07 -1.283746E+01 -3.659295E-13
      1562 -7.607098E-07  5.064089E+00 -7.982504E-13
      1809 -2.743728E-06 -1.447340E+01 -1.165734E-13
      1810  1.309405E-06  4.139516E+00  1.154632E-13
      1811 -8.398972E-07  7.318026E+00  4.498624E-13
      2087  2.349388E-06 -1.592027E+01  2.851053E-13
      2315 -2.765769E-06 -4.622980E-01  2.986500E-13
      2320  7.069901E-07  8.911343E+00  6.328271E-13
      2321 -2.363503E-07 -3.658305E+00  2.645661E-13
      2322 -1.408037E-07  6.932512E+00  1.857403E-13
      2323  3.205560E-07  2.934431E+00  3.955170E-16
      2324  7.422797E-07  8.710404E+00 -4.820588E-13
      2802 -3.480693E-06 -1.827664E+00 -1.485478E-13
      2805 -3.883394E-07  3.942561E+00  5.728751E-13
      3544 -1.103889E-06  1.414498E+00  5.470624E-13
      3546 -2.543148E-06 -3.232816E+00 -8.510970E-13
      3552 -2.602305E-06  3.765282E+00  5.402345E-13
      3553  1.367584E-07  5.436614E+00  5.939693E-13
      3554 -7.219835E-07  6.063868E+00 -1.013412E-12
      3555 -9.436356E-08  3.773258E+00 -7.964740E-13
      3556  4.842839E-07  5.678077E+00 -2.478018E-13
      3557 -1.358334E-07  4.593217E+00  4.385381E-14
      3558 -1.774127E-07  3.852027E+00  9.181544E-14
      3559  1.193778E-06  6.885783E+00 -6.550316E-14
      3560 -3.911865E-07  3.518494E+00  2.392531E-13
      3561 -2.933138E-06 -3.631105E-01  1.167955E-13
      3880  2.956257E-07  4.552041E+00  1.585398E-13
      3881  2.792086E-06 -2.380320E+00 -7.076562E-13
      3882  2.837485E-06  8.737387E-01  1.660894E-13
      3883  2.183977E-07  4.443444E+00  3.108624E-15
      3884  1.046185E-06  2.962932E+00  2.879363E-13
      3886  1.804100E-07  5.488385E+00 -3.012035E-13
      3887 -6.425466E-07  8.177782E+00  9.394846E-13
      3888  1.059969E-06  1.896943E+00 -3.392842E-13
      3889 -1.969133E-07  2.402410E+00 -1.735279E-13
      4008  1.086090E-06 -4.872879E+00  1.587619E-13
      4026 -1.505423E-06  1.200163E+00 -5.194178E-13

 total force (fx,fy,fz) for set CENTER and time  0.6562500E+00

       -5.658962E-06 -8.309372E+00 -8.813089E-14

                                INCREMENT     7


 forces (fx,fy,fz) for set CENTER and time  0.8562500E+00

       200  5.133990E-07 -2.555005E+01 -2.142730E-13
       201 -3.439826E-07 -2.092783E+01  2.242651E-13
       202  2.996168E-07 -2.954974E+01  4.640732E-14
       599  3.856252E-06 -2.038326E+01  3.430589E-13
       600 -7.196172E-07 -1.208649E+01 -1.075140E-12
       601  1.239506E-06 -2.544857E+01 -5.107026E-13
      1562 -1.852156E-06  8.008998E+00 -1.730838E-12
      1809 -6.771843E-06 -2.021539E+01  3.974598E-14
      1810  3.311361E-06  6.732844E+00 -9.123813E-13
      1811 -2.089910E-06  1.224487E+01  1.623146E-12
      2087  5.671518E-06 -2.273983E+01  1.621370E-12
      2315 -7.106253E-06 -2.263066E+00 -2.011724E-13
      2320  1.666732E-06  1.536028E+01  3.175238E-12
      2321 -6.276604E-07 -7.466236E+00  1.600942E-13
      2322 -3.815087E-07  1.130170E+01 -1.383782E-12
      2323  7.270451E-07  4.583173E+00 -8.870682E-13
      2324  1.681045E-06  1.384927E+01 -1.616485E-13
      2802 -9.078195E-06 -4.582380E+00 -1.194600E-13
      2805 -1.004003E-06  5.974152E+00 -8.437695E-14
      3544 -2.865492E-06  1.936364E+00  1.208311E-12
      3546 -6.425504E-06 -4.960585E+00 -1.378675E-12
      3552 -6.415538E-06  6.396231E+00  3.450573E-13
      3553  2.908436E-07  8.475000E+00 -3.677059E-13
      3554 -1.775542E-06  9.448126E+00 -1.026512E-12
      3555 -2.602990E-07  5.862322E+00  3.532730E-13
      3556  1.161011E-06  8.701188E+00  5.306866E-13
      3557 -3.574687E-07  7.161163E+00  3.129719E-13
      3558 -4.493361E-07  5.993666E+00 -6.414869E-13
      3559  2.726961E-06  1.069363E+01  3.714806E-13
      3560 -9.530703E-07  5.485761E+00  3.341771E-14
      3561 -7.135805E-06  1.947317E-01 -2.806644E-13
      3880  7.170828E-07  6.732896E+00  2.220446E-15
      3881  6.649997E-06 -2.805158E+00  1.012523E-13
      3882  6.844158E-06  2.147176E+00  1.050271E-13
      3883  4.036956E-07  6.999810E+00  1.008083E-13
      3884  2.421028E-06  4.516718E+00  5.117295E-13
      3886  3.798296E-07  8.571513E+00  2.911282E-13
      3887 -1.589021E-06  1.282578E+01  2.836620E-13
      3888  2.485375E-06  2.307405E+00 -1.234235E-12
      3889 -4.828166E-07  3.744760E+00  1.133135E-12
      4008  2.549491E-06 -1.064396E+01  1.356693E-12
      4026 -3.804667E-06  1.091860E+00  5.151435E-14

 total force (fx,fy,fz) for set CENTER and time  0.8562500E+00

       -1.689374E-05 -1.228116E+01  2.115572E-12

                                INCREMENT     8


 forces (fx,fy,fz) for set CENTER and time  0.1000000E+01

       200  8.587940E-08 -3.136544E+01  4.074519E-13
       201 -5.683128E-08 -2.541686E+01  1.519229E-12
       202  4.905234E-08 -3.655569E+01  7.747136E-13
       599  6.278819E-07 -2.980606E+01 -6.856737E-13
       600 -1.170280E-07 -1.809053E+01  5.346834E-13
       601  2.024915E-07 -3.800989E+01 -1.141753E-12
      1562 -2.976459E-07  1.077411E+01  7.744916E-13
      1809 -1.095889E-06 -2.578694E+01  7.802647E-13
      1810  5.463877E-07  9.202576E+00 -5.981882E-13
      1811 -3.380742E-07  1.698435E+01  5.258016E-13
      2087  9.144733E-07 -2.958725E+01  2.767120E-12
      2315 -1.174088E-06 -4.474736E+00  1.262546E-12
      2320  2.681231E-07  2.162387E+01  5.124789E-13
      2321 -1.033036E-07 -1.116646E+01 -3.881340E-13
      2322 -6.143313E-08  1.546444E+01 -1.393108E-12
      2323  1.158291E-07  6.118773E+00 -4.637402E-13
      2324  2.681527E-07  1.868759E+01  7.811529E-13
      2802 -1.507267E-06 -7.592567E+00  1.421085E-14
      2805 -1.651692E-07  7.889628E+00  2.655653E-13
      3544 -4.735028E-07  2.189065E+00  2.085276E-13
      3546 -1.051278E-06 -7.015925E+00 -2.007949E-12
      3552 -1.039411E-06  8.936726E+00  2.868816E-13
      3553  4.699104E-08  1.131023E+01 -5.089262E-13
      3554 -2.867903E-07  1.260059E+01 -1.072031E-12
      3555 -4.271051E-08  7.812472E+00 -1.754152E-13
      3556  1.892632E-07  1.154096E+01  3.863576E-14
      3557 -5.755783E-08  9.551623E+00  1.116884E-13
      3558 -7.229004E-08  7.990683E+00  1.396661E-13
      3559  4.354634E-07  1.411287E+01 -4.163336E-13
      3560 -1.531947E-07  7.316907E+00 -5.273559E-13
      3561 -1.153502E-06  7.727010E-01 -7.962520E-13
      3880  1.175195E-07  8.784201E+00 -4.773959E-13
      3881  1.071071E-06 -3.156578E+00 -7.998047E-13
      3882  1.107891E-06  3.421433E+00 -3.170797E-13
      3883  5.956551E-08  9.418314E+00  9.663381E-13
      3884  3.880664E-07  5.736830E+00  7.462364E-13
      3886  6.042049E-08  1.144530E+01 -4.871104E-13
      3887 -2.552010E-07  1.717039E+01 -1.272316E-13
      3888  4.014093E-07  2.279701E+00 -9.456880E-13
      3889 -7.735412E-08  4.991409E+00  1.663530E-13
      4008  4.130575E-07 -1.701690E+01  2.184919E-13
      4026 -6.244866E-07  5.939101E-01  4.829470E-13

 total force (fx,fy,fz) for set CENTER and time  0.1000000E+01

       -2.835017E-06 -2.032016E+01  9.563045E-13
