
                        S T E P       1


                                INCREMENT     1


 forces (fx,fy,fz) for set CENTER and time  0.5000000E-01

       200  1.160869E-07 -2.171847E+00  2.420286E-14
       201 -9.361616E-08 -1.819042E+00  2.770006E-14
       202  1.079103E-07 -2.438577E+00 -5.591361E-14
       599  9.057371E-08 -4.313223E-01  6.228004E-14
       600 -2.391681E-08 -1.023310E-01  2.303019E-14
       601  4.058957E-07 -4.203804E-01 -2.316897E-14
      1562 -2.514446E-07  4.004926E-01 -3.874678E-14
      1809 -2.403716E-06 -1.763087E+00 -5.351275E-14
      1810  2.328490E-07  3.138131E-01 -4.986549E-14
      1811 -2.596249E-07  5.158412E-01  6.175616E-16
      2087  2.569779E-06 -1.985382E+00  4.862777E-14
      2315 -9.475964E-07 -3.183518E-03 -4.763768E-14
      2320  3.087542E-07  5.887330E-01  5.921652E-14
      2321 -1.518083E-07 -5.213693E-02  4.848552E-14
      2322 -4.158749E-08  5.184470E-01 -8.264223E-14
      2323  9.925147E-08  2.374752E-01 -3.953782E-14
      2324  2.378127E-07  6.840231E-01  4.096029E-14
      2802 -8.525668E-07 -2.455482E-02 -5.151435E-14
      2805 -2.328534E-07  3.699606E-01 -1.376677E-14
      3544 -4.985487E-07  4.546490E-02 -1.181000E-14
      3546 -1.721511E-06 -5.207874E-01 -2.622902E-14
      3552 -2.184151E-06  2.532475E-01 -1.634803E-14
      3553  6.071387E-08  4.492435E-01  3.766432E-14
      3554 -2.399975E-07  4.983098E-01 -1.434963E-14
      3555 -2.742250E-08  3.171547E-01 -4.016232E-14
      3556  2.382609E-07  5.100719E-01 -1.607048E-14
      3557 -2.820723E-08  3.738076E-01 -6.313006E-14
      3558 -6.033811E-08  3.188758E-01  2.101097E-14
      3559  4.572925E-07  5.006433E-01 -4.923839E-14
      3560 -1.238428E-07  2.858854E-01  1.541822E-14
      3561 -2.460686E-06 -1.493608E-01  9.170442E-14
      3880  2.074329E-07  4.546467E-01  7.188694E-15
      3881  2.426699E-06 -3.514653E-01  5.051515E-15
      3882  2.466948E-06 -3.547866E-02 -2.134404E-14
      3883 -4.962481E-07  3.719191E-01  4.035661E-14
      3884  5.126839E-07  1.387075E-01  3.376466E-14
      3886  6.633885E-08  4.451349E-01 -1.561251E-14
      3887 -2.180842E-07  6.580468E-01  1.612599E-14
      3888  6.591880E-07  6.721820E-02 -9.763024E-15
      3889 -5.301859E-08  1.943162E-01  5.391521E-14
      4008  6.284753E-07 -3.156166E-01  2.265202E-14
      4026 -6.519027E-07  4.694262E-02  8.098383E-14

 total force (fx,fy,fz) for set CENTER and time  0.5000000E-01

       -2.129744E-06 -3.026131E+00  2.059334E-14

                                INCREMENT     2


 forces (fx,fy,fz) for set CENTER and time  0.1000000E+00

       200  6.965566E-12 -4.113618E+00  4.818368E-14
       201 -4.039193E-12 -3.451643E+00  5.501155E-14
       202  2.950095E-12 -4.619072E+00 -7.688294E-14
       599  7.410852E-11 -8.286840E-01  1.245531E-13
       600 -1.373059E-11 -2.032794E-01  4.606038E-14
       601  1.123232E-11 -8.013751E-01 -6.339373E-14
      1562 -2.530327E-11  7.636662E-01 -7.752132E-14
      1809 -8.838145E-11 -3.304883E+00 -6.705747E-14
      1810  5.406772E-11  5.968568E-01 -1.578702E-13
      1811 -3.206168E-11  9.808357E-01  1.249001E-15
      2087  7.084096E-11 -3.704517E+00  1.181277E-13
      2315 -1.103820E-10  1.845326E-02 -6.441722E-14
      2320  2.633587E-11  1.116632E+00  1.806194E-13
      2321 -9.831128E-12 -1.059587E-01  9.698492E-14
      2322 -5.160129E-12  9.868551E-01 -1.653348E-13
      2323  9.948477E-12  4.529509E-01 -7.902012E-14
      2324  2.368361E-11  1.303549E+00  8.196221E-14
      2802 -1.510658E-10 -3.467084E-02 -1.160877E-13
      2805 -1.283232E-11  7.001255E-01 -2.753353E-14
      3544 -4.257129E-11  1.047212E-01 -2.370326E-14
      3546 -8.968066E-11 -9.480645E-01 -4.207745E-14
      3552 -7.838515E-11  4.820350E-01 -1.216249E-13
      3553  3.939955E-12  8.552969E-01  7.505108E-14
      3554 -2.236103E-11  9.493385E-01 -2.842171E-14
      3555 -3.423685E-12  6.031924E-01 -8.043566E-14
      3556  1.547645E-11  9.669397E-01 -3.247402E-14
      3557 -4.377021E-12  7.128385E-01 -1.259270E-13
      3558 -5.493982E-12  6.072893E-01  4.155010E-14
      3559  3.499450E-11  9.663491E-01 -1.023071E-13
      3560 -1.182648E-11  5.452785E-01  3.050338E-14
      3561 -8.206640E-11 -2.782291E-01  1.546541E-13
      3880  8.870422E-12  8.594398E-01  1.437739E-14
      3881  7.715689E-11 -6.598424E-01  8.659740E-15
      3882  8.365677E-11 -6.421079E-02  4.773959E-15
      3883  6.652905E-12  7.057141E-01  8.093526E-14
      3884  3.225077E-11  2.850326E-01  4.229950E-14
      3886  5.302402E-12  8.488867E-01 -3.122502E-14
      3887 -2.070207E-11  1.254849E+00  3.194667E-14
      3888  3.241055E-11  1.567662E-01  5.953571E-15
      3889 -6.267711E-12  3.707642E-01  1.080525E-13
      4008  3.420132E-11 -5.554028E-01 -2.617698E-14
      4026 -5.457055E-11  1.141197E-01  1.244560E-13

 total force (fx,fy,fz) for set CENTER and time  0.1000000E+00

       -2.594676E-10 -5.364674E+00 -3.352700E-14

                                INCREMENT     3


 forces (fx,fy,fz) for set CENTER and time  0.1750000E+00

       200  6.831011E-11 -6.642546E+00 -1.195155E-13
       201 -3.964665E-11 -5.585910E+00  7.016610E-14
       202  3.102037E-11 -7.461675E+00  9.658940E-15
       599  7.308918E-10 -1.406134E+00  8.922030E-14
       600 -1.349461E-10 -3.798063E-01 -1.640355E-13
       601  1.056896E-10 -1.360301E+00  1.032507E-14
      1562 -2.441203E-10  1.253696E+00  6.300516E-15
      1809 -8.592722E-10 -5.255088E+00 -9.681145E-14
      1810  5.320914E-10  9.775195E-01 -1.243901E-13
      1811 -3.118449E-10  1.608897E+00 -3.677614E-14
      2087  6.876498E-10 -5.849653E+00  6.844525E-14
      2315 -1.085873E-09  8.156282E-02 -6.228872E-14
      2320  2.589797E-10  1.828875E+00  2.267631E-13
      2321 -9.660163E-11 -2.065467E-01  1.586647E-13
      2322 -4.919285E-11  1.618571E+00 -3.756336E-13
      2323  9.611697E-11  7.435050E-01 -2.220168E-13
      2324  2.294361E-10  2.138730E+00  3.363004E-13
      2802 -1.499152E-09 -3.919774E-02 -1.124101E-14
      2805 -1.258404E-10  1.133446E+00 -6.694645E-14
      3544 -4.168608E-10  2.162506E-01  5.556666E-14
      3546 -8.786859E-10 -1.438532E+00 -1.072475E-13
      3552 -7.568433E-10  7.925290E-01  6.639134E-14
      3553  3.891796E-11  1.399892E+00  2.264855E-14
      3554 -2.159556E-10  1.555376E+00 -2.601253E-13
      3555 -3.318161E-11  9.855363E-01  1.700862E-13
      3556  1.519070E-10  1.570530E+00  4.241052E-14
      3557 -4.166357E-11  1.169642E+00  2.331468E-14
      3558 -5.260464E-11  9.943321E-01 -5.606626E-15
      3559  3.375069E-10  1.615407E+00 -6.561418E-14
      3560 -1.136496E-10  8.949604E-01  1.794676E-13
      3561 -8.031384E-10 -4.338496E-01 -4.962697E-14
      3880  8.731015E-11  1.387404E+00 -1.332268E-14
      3881  7.441300E-10 -1.048853E+00  1.179057E-13
      3882  8.189693E-10 -9.038395E-02 -5.995204E-15
      3883  6.679079E-11  1.149516E+00  8.537615E-14
      3884  3.056487E-10  5.200925E-01  7.238654E-14
      3886  5.172186E-11  1.393029E+00  3.247402E-14
      3887 -1.988516E-10  2.059412E+00  7.627232E-14
      3888  3.183141E-10  3.263175E-01 -1.181555E-13
      3889 -6.013367E-11  6.089128E-01 -1.100509E-13
      4008  3.328688E-10 -8.149344E-01 -3.802514E-15
      4026 -5.378627E-10  2.448586E-01  1.179612E-13

 total force (fx,fy,fz) for set CENTER and time  0.1750000E+00

       -2.561650E-09 -7.744610E+00  1.890328E-14

                                INCREMENT     4


 forces (fx,fy,fz) for set CENTER and time  0.2875000E+00

       200  7.773106E-10 -9.759215E+00  1.222356E-13
       201 -4.293596E-10 -8.221160E+00  3.190781E-13
       202  3.184573E-10 -1.097984E+01  1.804668E-13
       599  8.462347E-09 -2.397597E+00  7.480128E-14
       600 -1.560344E-09 -8.022221E-01 -2.332301E-13
       601  8.913555E-10 -2.394658E+00 -2.238210E-13
      1562 -2.578648E-09  1.924467E+00 -2.000622E-13
      1809 -9.251097E-09 -7.558035E+00 -1.556533E-13
      1810  6.138294E-09  1.502286E+00 -5.574707E-14
      1811 -3.420006E-09  2.492713E+00 -3.623213E-13
      2087  7.229596E-09 -8.331231E+00  3.583800E-13
      2315 -1.244742E-08  1.923488E-01 -2.789435E-15
      2320  2.804954E-09  2.847034E+00  1.472156E-13
      2321 -1.090812E-09 -4.631569E-01  3.922696E-13
      2322 -5.250686E-10  2.494050E+00 -2.717132E-13
      2323  9.953775E-10  1.139100E+00 -3.092526E-13
      2324  2.397172E-09  3.283002E+00  3.541334E-13
      2802 -1.740053E-08 -7.948352E-02 -6.999956E-14
      2805 -1.373485E-09  1.692264E+00 -5.151435E-14
      3544 -4.796501E-09  4.271122E-01  1.054712E-14
      3546 -9.812637E-09 -1.920659E+00 -3.257394E-13
      3552 -7.928320E-09  1.235414E+00  2.049472E-13
      3553  4.072872E-10  2.135032E+00  1.434408E-13
      3554 -2.266425E-09  2.375644E+00 -3.432810E-13
      3555 -3.658539E-10  1.498422E+00 -1.816325E-13
      3556  1.635898E-09  2.360760E+00  1.030287E-13
      3557 -4.352679E-10  1.790487E+00 -1.175171E-13
      3558 -5.461444E-10  1.516783E+00 -8.382184E-14
      3559  3.510731E-09  2.542411E+00  1.731948E-14
      3560 -1.175774E-09  1.370557E+00  1.852962E-13
      3561 -8.308147E-09 -5.838127E-01  1.332268E-15
      3880  9.328793E-10  2.055556E+00 -1.776357E-15
      3881  7.615216E-09 -1.493004E+00 -2.355893E-13
      3882  8.559861E-09 -7.474523E-02  1.229017E-13
      3883  7.187928E-10  1.742625E+00 -2.071676E-13
      3884  3.203396E-09  9.176129E-01  1.790235E-13
      3886  5.326861E-10  2.133217E+00  1.831313E-13
      3887 -2.079983E-09  3.155898E+00  3.466116E-13
      3888  3.406371E-09  6.416816E-01  2.717271E-14
      3889 -6.263728E-10  9.334759E-01 -1.177947E-13
      4008  3.596089E-09 -1.126072E+00  2.946428E-13
      4026 -6.086278E-09  4.847369E-01  1.695033E-13

 total force (fx,fy,fz) for set CENTER and time  0.2875000E+00

       -3.037040E-08 -9.300201E+00  3.870550E-13

                                INCREMENT     5


 forces (fx,fy,fz) for set CENTER and time  0.4562500E+00

       200  2.790097E-10 -1.367046E+01  4.796163E-14
       201 -1.762749E-10 -1.149176E+01  4.203304E-13
       202  1.386563E-10 -1.546003E+01  5.051515E-14
       599 -3.341476E-10 -4.801261E+00  5.988543E-13
       600  2.529163E-11 -2.166903E+00 -2.635669E-13
       601  1.540966E-09 -5.230354E+00 -2.176037E-14
      1562 -1.298248E-09  3.019040E+00 -1.530998E-13
      1809 -9.696917E-09 -1.036426E+01  4.973799E-14
      1810  1.222467E-09  2.391334E+00 -4.559131E-13
      1811 -6.195030E-10  4.068107E+00  1.376677E-13
      2087  8.100069E-09 -1.132324E+01  5.666578E-13
      2315 -5.853475E-09  2.075159E-01  1.200706E-13
      2320  4.642617E-10  4.758022E+00  6.343814E-13
      2321 -3.586468E-11 -1.312975E+00  2.128298E-13
      2322 -6.619432E-11  3.987518E+00 -3.441969E-13
      2323  8.837512E-10  1.773792E+00 -2.854106E-13
      2324  1.857299E-09  5.162896E+00  3.314918E-13
      2802 -1.854494E-09 -4.256834E-01 -4.419798E-13
      2805 -4.438817E-10  2.514742E+00 -5.995204E-14
      3544 -4.162188E-09  8.238447E-01 -1.926237E-13
      3546 -9.469506E-09 -2.385366E+00 -1.012523E-13
      3552 -6.836090E-09  2.047611E+00 -2.666756E-13
      3553  4.355284E-10  3.303550E+00  1.567635E-13
      3554 -1.532843E-09  3.682103E+00 -2.005063E-13
      3555 -5.226332E-12  2.306235E+00  1.916245E-13
      3556  9.471299E-10  3.557096E+00 -3.996803E-14
      3557 -1.965513E-10  2.783235E+00  3.846923E-13
      3558 -3.671400E-10  2.345314E+00 -4.513057E-13
      3559  5.423714E-09  4.090955E+00 -1.689759E-13
      3560 -9.701172E-10  2.131463E+00 -1.235678E-13
      3561 -1.009560E-08 -6.240626E-01  2.207123E-13
      3880  6.438276E-10  2.995138E+00 -3.173017E-13
      3881  1.068183E-08 -1.947219E+00 -2.733369E-13
      3882  8.077701E-09  1.376941E-01  8.748557E-14
      3883  3.225865E-09  2.685955E+00 -7.127632E-14
      3884  4.555628E-09  1.664535E+00  5.558332E-13
      3886  6.478299E-10  3.319486E+00  1.482703E-13
      3887 -1.220504E-09  4.923198E+00 -5.356826E-14
      3888  6.088402E-09  1.196562E+00 -3.135547E-13
      3889 -3.898054E-10  1.453910E+00  2.861045E-13
      4008  6.646946E-09 -1.960988E+00  3.358425E-14
      4026 -6.545087E-09  8.663243E-01 -1.032230E-13

 total force (fx,fy,fz) for set CENTER and time  0.4562500E+00

       -2.834793E-10 -8.967389E+00  5.325532E-13

                                INCREMENT     6


 forces (fx,fy,fz) for set CENTER and time  0.6562500E+00

       200  1.570279E-07 -1.857140E+01  5.329071E-14
       201 -1.024350E-07 -1.545631E+01  6.818990E-13
       202  9.515065E-08 -2.121267E+01 -1.066813E-12
       599  1.209403E-06 -1.022345E+01  7.682743E-14
       600 -2.222320E-07 -5.579810E+00  1.005862E-13
       601  4.238362E-07 -1.211701E+01 -4.463097E-14
      1562 -5.991412E-07  4.885874E+00  4.939382E-13
      1809 -2.161416E-06 -1.412840E+01 -5.615508E-13
      1810  1.024762E-06  3.984640E+00 -8.838485E-13
      1811 -6.593829E-07  7.026483E+00 -2.489120E-13
      2087  1.855150E-06 -1.552258E+01  8.397727E-13
      2315 -2.164838E-06 -3.788642E-01  4.710676E-13
      2320  5.575493E-07  8.533524E+00  4.132250E-13
      2321 -1.845521E-07 -3.437528E+00  2.602363E-13
      2322 -1.098757E-07  6.671578E+00 -7.901457E-13
      2323  2.539650E-07  2.834010E+00 -4.484121E-13
      2324  5.879538E-07  8.400233E+00  4.106715E-13
      2802 -2.716590E-06 -1.682389E+00  1.287859E-14
      2805 -3.044184E-07  3.819534E+00 -8.177903E-13
      3544 -8.642328E-07  1.371937E+00  1.590394E-13
      3546 -1.997622E-06 -3.147130E+00 -4.172218E-13
      3552 -2.050934E-06  3.610237E+00  4.538592E-13
      3553  1.088617E-07  5.251855E+00 -3.677059E-13
      3554 -5.685547E-07  5.857799E+00 -1.738609E-13
      3555 -7.346607E-08  3.646253E+00  3.181899E-13
      3556  3.819318E-07  5.494808E+00  3.204104E-13
      3557 -1.063567E-07  4.436731E+00 -6.548095E-13
      3558 -1.394283E-07  3.721684E+00  3.334000E-13
      3559  9.463419E-07  6.648108E+00 -7.331913E-13
      3560 -3.083947E-07  3.398595E+00  1.223466E-13
      3561 -2.315759E-06 -3.928286E-01  1.501022E-12
      3880  2.331490E-07  4.419342E+00 -5.861978E-14
      3881  2.208565E-06 -2.350545E+00 -3.643752E-13
      3882  2.240149E-06  8.018357E-01 -3.448353E-13
      3883  1.753820E-07  4.289659E+00  6.703527E-13
      3884  8.284005E-07  2.858023E+00  5.901946E-13
      3886  1.437186E-07  5.300684E+00  5.781486E-13
      3887 -5.056814E-07  7.895439E+00 -2.918499E-14
      3888  8.389307E-07  1.852650E+00  1.209310E-13
      3889 -1.550688E-07  2.320485E+00 -1.391665E-13
      4008  8.597549E-07 -4.571297E+00  4.158895E-13
      4026 -1.181973E-06  1.187872E+00 -1.389999E-13

 total force (fx,fy,fz) for set CENTER and time  0.6562500E+00

       -4.362371E-06 -8.252332E+00  1.114102E-12

                                INCREMENT     7


 forces (fx,fy,fz) for set CENTER and time  0.8562500E+00

       200  4.298852E-07 -2.483470E+01  5.979661E-13
       201 -2.875968E-07 -2.037237E+01  4.498624E-13
       202  2.507460E-07 -2.869078E+01  5.258016E-13
       599  3.259071E-06 -1.927076E+01  6.337153E-13
       600 -6.079002E-07 -1.137471E+01 -5.231371E-13
       601  1.037022E-06 -2.397541E+01  1.709743E-13
      1562 -1.558660E-06  7.676371E+00  6.104006E-13
      1809 -5.679882E-06 -1.955808E+01 -9.148238E-14
      1810  2.785022E-06  6.437546E+00  9.059420E-14
      1811 -1.759072E-06  1.168071E+01 -8.757439E-13
      2087  4.756995E-06 -2.194425E+01  1.023626E-13
      2315 -5.967266E-06 -2.026826E+00  6.448175E-13
      2320  1.405349E-06  1.461761E+01  1.069367E-12
      2321 -5.252512E-07 -7.026597E+00  4.936052E-13
      2322 -3.200922E-07  1.080414E+01  2.484679E-13
      2323  6.136023E-07  4.397749E+00 -1.170120E-12
      2324  1.419013E-06  1.326791E+01  3.665956E-13
      2802 -7.627126E-06 -4.244312E+00 -7.966960E-13
      2805 -8.407887E-07  5.744360E+00 -6.923351E-13
      3544 -2.401753E-06  1.892144E+00 -3.440859E-13
      3546 -5.388063E-06 -4.738985E+00 -6.690204E-13
      3552 -5.378719E-06  6.094281E+00 -3.153033E-14
      3553  2.456094E-07  8.132916E+00  4.158895E-13
      3554 -1.492343E-06  9.067457E+00 -1.419531E-12
      3555 -2.179137E-07  5.627068E+00  7.815970E-13
      3556  9.757447E-07  8.359775E+00 -3.197442E-13
      3557 -3.000440E-07  6.872448E+00 -8.940626E-13
      3558 -3.773382E-07  5.752658E+00  6.538103E-13
      3559  2.298680E-06  1.027323E+01 -4.012346E-13
      3560 -8.014849E-07  5.264596E+00  6.661338E-14
      3561 -5.984259E-06  1.276949E-01 -2.646772E-13
      3880  6.014785E-07  6.486709E+00 -4.973799E-14
      3881  5.580799E-06 -2.760917E+00 -8.402168E-13
      3882  5.741914E-06  1.997789E+00  2.693401E-13
      3883  3.495020E-07  6.709875E+00  7.174261E-13
      3884  2.039602E-06  4.355974E+00  1.371542E-13
      3886  3.213165E-07  8.224642E+00  3.362588E-13
      3887 -1.336064E-06  1.230207E+01 -1.079137E-12
      3888  2.090463E-06  2.286790E+00 -3.661516E-13
      3889 -4.062870E-07  3.594015E+00  1.406986E-12
      4008  2.145221E-06 -9.931489E+00 -5.595524E-14
      4026 -3.193724E-06  1.128871E+00 -1.852962E-13

 total force (fx,fy,fz) for set CENTER and time  0.8562500E+00

       -1.410459E-05 -1.157278E+01 -2.802897E-13

                                INCREMENT     8


 forces (fx,fy,fz) for set CENTER and time  0.1000000E+01

       200  7.494733E-08 -3.038431E+01  7.729373E-13
       201 -4.970241E-08 -2.466220E+01  1.100897E-12
       202  4.287962E-08 -3.537122E+01 -1.088019E-14
       599  5.523150E-07 -2.817512E+01  7.431833E-13
       600 -1.030059E-07 -1.705486E+01 -1.072920E-12
       601  1.763564E-07 -3.582641E+01 -7.247536E-13
      1562 -2.611272E-07  1.030118E+01  3.419487E-14
      1809 -9.604139E-07 -2.482058E+01 -3.250733E-13
      1810  4.782966E-07  8.778557E+00 -7.780443E-13
      1811 -2.968419E-07  1.616826E+01 -2.294165E-12
      2087  8.013110E-07 -2.838809E+01  7.400747E-13
      2315 -1.027806E-06 -4.067686E+00  8.744117E-13
      2320  2.354305E-07  2.054282E+01  1.776357E-12
      2321 -9.063373E-08 -1.052916E+01  1.440181E-12
      2322 -5.404314E-08  1.474953E+01  5.773160E-15
      2323  1.015534E-07  5.856803E+00 -1.955103E-13
      2324  2.351163E-07  1.785948E+01 -6.257217E-13
      2802 -1.319984E-06 -7.054513E+00 -5.204726E-13
      2805 -1.445136E-07  7.561367E+00  7.100986E-13
      3544 -4.142885E-07  2.159236E+00 -2.419454E-13
      3546 -9.204648E-07 -6.639459E+00  1.225686E-13
      3552 -9.103729E-07  8.498884E+00  1.412204E-13
      3553  4.101372E-08  1.082633E+01  1.345590E-13
      3554 -2.512802E-07  1.206282E+01  2.795542E-13
      3555 -3.743849E-08  7.479597E+00 -1.117328E-12
      3556  1.655338E-07  1.105506E+01  2.220446E-15
      3557 -5.054092E-08  9.143878E+00 -2.766676E-13
      3558 -6.342684E-08  7.649879E+00  3.390621E-13
      3559  3.815491E-07  1.353686E+01 -6.519230E-13
      3560 -1.342879E-07  7.004564E+00 -8.152368E-13
      3561 -1.010255E-06  6.717210E-01  2.988720E-13
      3880  1.027128E-07  8.432676E+00 -1.540990E-13
      3881  9.380483E-07 -3.098054E+00 -4.711787E-13
      3882  9.699582E-07  3.200015E+00  5.617729E-13
      3883  5.259819E-08  9.003763E+00  3.250733E-13
      3884  3.399833E-07  5.541697E+00  2.814415E-13
      3886  5.286521E-08  1.095490E+01  4.751755E-14
      3887 -2.239166E-07  1.642834E+01  1.413980E-12
      3888  3.513955E-07  2.307630E+00  1.758593E-13
      3889 -6.788055E-08  4.778940E+00 -3.250733E-13
      4008  3.616288E-07 -1.587492E+01  3.907985E-13
      4026 -5.466016E-07  7.012098E-01 -3.383960E-13

 total force (fx,fy,fz) for set CENTER and time  0.1000000E+01

       -2.483334E-06 -1.869057E+01  1.773220E-12
