
                        S T E P       1


                                INCREMENT     1


 forces (fx,fy,fz) for set CENTER and time  0.5000000E-01

       200  2.470623E-08 -1.490755E+00  2.600697E-14
       201 -1.975240E-08 -1.247797E+00  2.745026E-14
       202  2.261609E-08 -1.673850E+00 -3.162054E-14
       599  2.097545E-08 -2.953786E-01  1.400269E-14
       600 -5.347279E-09 -6.963746E-02 -8.250345E-15
       601  8.604854E-08 -2.888854E-01 -2.153833E-14
      1562 -5.360383E-08  2.744419E-01 -5.577830E-14
      1809 -5.064923E-07 -1.214257E+00 -3.358425E-14
      1810  5.076342E-08  2.152454E-01 -3.199567E-14
      1811 -5.564813E-08  3.539035E-01  1.516495E-14
      2087  5.402057E-07 -1.369356E+00  6.789014E-14
      2315 -2.025700E-07 -5.178868E-03 -2.897725E-14
      2320  6.588236E-08  4.043087E-01  3.040623E-14
      2321 -3.255269E-08 -3.526049E-02  1.933870E-14
      2322 -8.886250E-09  3.555189E-01 -1.544858E-14
      2323  2.114699E-08  1.627106E-01 -3.385486E-14
      2324  5.067679E-08  4.688321E-01  2.287059E-14
      2802 -1.842323E-07 -1.844483E-02 -6.349088E-15
      2805 -4.929238E-08  2.540871E-01  1.387779E-14
      3544 -1.065070E-07  2.906558E-02 -7.285839E-15
      3546 -3.643390E-07 -3.619642E-01 -2.220446E-16
      3552 -4.596068E-07  1.736932E-01  1.218470E-14
      3553  1.286870E-08  3.079871E-01  3.147482E-14
      3554 -5.105998E-08  3.415532E-01 -8.215650E-15
      3555 -5.889978E-09  2.175008E-01 -2.164935E-14
      3556  5.054005E-08  3.501398E-01  3.130829E-14
      3557 -6.050908E-09  2.561368E-01 -9.006684E-15
      3558 -1.282403E-08  2.185864E-01 -3.544387E-14
      3559  9.702365E-08  3.417174E-01 -6.938894E-14
      3560 -2.634124E-08  1.958793E-01  5.231926E-15
      3561 -5.175561E-07 -1.030018E-01  5.009881E-14
      3880  4.376790E-08  3.123299E-01 -2.856049E-14
      3881  5.100945E-07 -2.418927E-01 -9.436896E-15
      3882  5.190380E-07 -2.460140E-02 -2.951805E-14
      3883 -1.034768E-07  2.552549E-01  3.524958E-14
      3884  1.084140E-07  9.270032E-02  2.473022E-14
      3886  1.409490E-08  3.050088E-01 -1.068590E-15
      3887 -4.641762E-08  4.509111E-01  3.884393E-14
      3888  1.393012E-07  4.272841E-02  1.715988E-14
      3889 -1.132050E-08  1.331240E-01  1.706968E-15
      4008  1.328599E-07 -2.219521E-01  2.060678E-14
      4026 -1.386844E-07  2.926550E-02  3.245321E-14

 total force (fx,fy,fz) for set CENTER and time  0.5000000E-01

       -4.574277E-07 -2.119582E+00  5.086383E-14

                                INCREMENT     2


 forces (fx,fy,fz) for set CENTER and time  0.1000000E+00

       200  3.935604E-13 -2.874237E+00  5.187517E-14
       201 -1.737971E-13 -2.408928E+00  5.467848E-14
       202  4.471101E-13 -3.227235E+00 -2.819966E-14
       599  3.195056E-12 -5.727420E-01  1.696560E-15
       600 -6.040518E-13 -1.370538E-01 -1.649375E-14
       601  8.725225E-14 -5.563265E-01  3.295281E-14
      1562 -1.110626E-12  5.310666E-01 -1.115705E-13
      1809 -4.137502E-12 -2.324826E+00 -4.718448E-14
      1810  2.745583E-12  4.157240E-01 -2.430868E-14
      1811 -1.407979E-12  6.832214E-01  3.032991E-14
      2087  3.217685E-12 -2.613777E+00 -2.858824E-15
      2315 -4.249780E-12  1.921057E-03 -5.795364E-14
      2320  8.756421E-13  7.789908E-01 -1.473821E-14
      2321 -4.300722E-13 -7.032945E-02  3.867739E-14
      2322 -2.277382E-13  6.869963E-01 -3.092145E-14
      2323  4.360058E-13  3.149408E-01 -6.769585E-14
      2324  1.037290E-12  9.068404E-01  4.574119E-14
      2802 -6.294709E-12 -2.933815E-02  3.595735E-14
      2805 -5.589883E-13  4.893592E-01  2.775558E-14
      3544 -1.782098E-12  6.464945E-02 -6.883383E-15
      3546 -3.809137E-12 -6.798675E-01 -5.667689E-14
      3552 -3.183013E-12  3.355309E-01  3.258505E-14
      3553  1.717870E-13  5.954125E-01  6.283862E-14
      3554 -9.814559E-13  6.605944E-01 -1.626477E-14
      3555 -1.502876E-13  4.201991E-01 -4.343748E-14
      3556  6.782640E-13  6.750675E-01  6.256107E-14
      3557 -1.931318E-13  4.957120E-01 -1.787459E-14
      3558 -2.423140E-13  4.226773E-01 -7.108203E-14
      3559  1.702096E-12  6.666995E-01 -1.316725E-13
      3560 -5.206675E-13  3.791424E-01  1.040834E-14
      3561 -4.159590E-12 -1.966206E-01  6.744605E-14
      3880  3.849163E-13  6.011851E-01 -5.720424E-14
      3881  3.066992E-12 -4.637602E-01 -1.931788E-14
      3882  3.846068E-12 -4.636457E-02 -2.142730E-14
      3883  4.722382E-13  4.923498E-01  4.923839E-14
      3884  9.310184E-13  1.888619E-01  7.902012E-14
      3886  2.310493E-13  5.903055E-01 -2.109424E-15
      3887 -9.090770E-13  8.726290E-01  7.756296E-14
      3888  1.852570E-12  9.608138E-02  3.881617E-14
      3889 -2.749368E-13  2.577355E-01  3.497203E-15
      4008  1.065698E-12 -4.068880E-01 -6.341108E-14
      4026 -3.092642E-12  6.827001E-02  8.662515E-14

 total force (fx,fy,fz) for set CENTER and time  0.1000000E+00

       -1.165572E-11 -3.916129E+00 -1.902298E-14

                                INCREMENT     3


 forces (fx,fy,fz) for set CENTER and time  0.1750000E+00

       200  3.600361E-12 -4.761144E+00 -8.382184E-15
       201 -2.014081E-12 -3.997330E+00 -5.712097E-14
       202  1.152602E-12 -5.346467E+00 -8.520962E-15
       599  3.705954E-11 -9.674153E-01 -1.565414E-14
       600 -6.869654E-12 -2.416850E-01 -1.584011E-13
       601  5.613361E-12 -9.342649E-01 -1.017242E-13
      1562 -1.255743E-11  8.867085E-01 -6.900036E-14
      1809 -4.351084E-11 -3.810849E+00 -2.725598E-14
      1810  2.674030E-11  6.925024E-01 -4.362309E-14
      1811 -1.596382E-11  1.138171E+00  9.012235E-14
      2087  3.519704E-11 -4.264523E+00  2.033929E-13
      2315 -5.573383E-11  3.095959E-02 -3.137161E-14
      2320  1.374712E-11  1.294922E+00  2.632339E-13
      2321 -4.906042E-12 -1.271926E-01  1.263573E-14
      2322 -2.548455E-12  1.145363E+00 -1.181485E-13
      2323  4.940988E-12  5.259500E-01 -9.618695E-14
      2324  1.177547E-11  1.513309E+00 -1.042222E-14
      2802 -7.508738E-11 -3.618757E-02  9.305057E-14
      2805 -6.402253E-12  8.104523E-01  8.282264E-14
      3544 -2.117302E-11  1.291656E-01  3.269607E-14
      3546 -4.509007E-11 -1.081307E+00 -1.049716E-13
      3552 -3.809948E-11  5.596151E-01 -4.640732E-14
      3553  1.979928E-12  9.924639E-01 -3.330669E-14
      3554 -1.109657E-11  1.101852E+00 -1.330047E-13
      3555 -1.702414E-12  6.996497E-01 -3.219647E-14
      3556  7.732092E-12  1.120102E+00  3.541611E-14
      3557 -2.160094E-12  8.276517E-01 -2.167433E-13
      3558 -2.719133E-12  7.047540E-01  1.545986E-13
      3559  1.723181E-11  1.126983E+00 -2.209344E-14
      3560 -5.861921E-12  6.331474E-01  5.273559E-15
      3561 -4.131746E-11 -3.197295E-01  4.996004E-14
      3880  4.431772E-12  9.943313E-01  6.666889E-14
      3881  3.842488E-11 -7.610567E-01  8.115730E-14
      3882  4.137675E-11 -7.255736E-02 -3.980150E-14
      3883  4.070652E-12  8.179196E-01  1.559863E-14
      3884  1.599428E-11  3.397272E-01  2.861600E-14
      3886  2.643332E-12  9.856318E-01  1.445788E-13
      3887 -1.025638E-11  1.456991E+00  1.798561E-14
      3888  1.613670E-11  1.939227E-01 -5.652423E-14
      3889 -3.105087E-12  4.305727E-01  1.363076E-13
      4008  1.739878E-11 -6.268557E-01  9.299853E-14
      4026 -2.671247E-11  1.425893E-01  1.275369E-14

 total force (fx,fy,fz) for set CENTER and time  0.1750000E+00

       -1.276401E-10 -6.053156E+00  1.890059E-13

                                INCREMENT     4


 forces (fx,fy,fz) for set CENTER and time  0.2875000E+00

       200  6.829726E-11 -7.215883E+00 -1.487699E-13
       201 -3.897171E-11 -6.070706E+00  2.271516E-13
       202  3.067367E-11 -8.107107E+00  1.296740E-13
       599  7.242664E-10 -1.556154E+00  7.119305E-15
       600 -1.336585E-10 -4.339313E-01 -1.029038E-13
       601  1.004337E-10 -1.509588E+00 -7.033263E-14
      1562 -2.388650E-10  1.369596E+00 -1.139366E-13
      1809 -8.434513E-10 -5.687112E+00 -3.993472E-13
      1810  5.271524E-10  1.067624E+00 -5.551115E-14
      1811 -3.066282E-10  1.758680E+00  9.606205E-14
      2087  6.746369E-10 -6.319589E+00  2.024492E-13
      2315 -1.074014E-09  1.006363E-01 -3.289383E-14
      2320  2.552224E-10  1.999443E+00  7.954748E-14
      2321 -9.531154E-11 -2.386036E-01  6.104839E-14
      2322 -4.807408E-11  1.768483E+00  4.552608E-14
      2323  9.392289E-11  8.121065E-01 -2.183531E-13
      2324  2.244728E-10  2.336251E+00 -2.024769E-14
      2802 -1.486056E-09 -4.113940E-02  1.546541E-13
      2805 -1.237867E-10  1.233197E+00  1.362244E-13
      3544 -4.124959E-10  2.482196E-01  4.896084E-14
      3546 -8.666611E-10 -1.537806E+00 -3.219647E-15
      3552 -7.410031E-10  8.669849E-01  7.960299E-14
      3553  3.820569E-11  1.527910E+00 -1.987299E-14
      3554 -2.112162E-10  1.698042E+00 -2.433609E-13
      3555 -3.261618E-11  1.075144E+00 -2.933209E-13
      3556  1.493283E-10  1.710413E+00 -3.153033E-14
      3557 -4.063106E-11  1.277411E+00 -5.945244E-14
      3558 -5.131257E-11  1.085333E+00 -2.398082E-14
      3559  3.308594E-10  1.772607E+00  9.436896E-15
      3560 -1.109133E-10  9.774899E-01  1.460498E-13
      3561 -7.845325E-10 -4.660025E-01 -1.012523E-13
      3880  8.577830E-11  1.508021E+00 -1.179057E-13
      3881  7.263717E-10 -1.134200E+00  1.116884E-13
      3882  8.008497E-10 -9.297409E-02  3.375078E-14
      3883  6.526380E-11  1.253208E+00  9.681145E-14
      3884  2.974976E-10  5.826702E-01  1.669220E-13
      3886  5.060707E-11  1.521445E+00  1.162959E-13
      3887 -1.942367E-10  2.249409E+00  2.100542E-13
      3888  3.118795E-10  3.747399E-01 -1.242617E-13
      3889 -5.871656E-11  6.651764E-01  3.164136E-15
      4008  3.285792E-10 -8.685700E-01 -6.002143E-14
      4026 -5.319890E-10  2.822511E-01 -7.516210E-14

 total force (fx,fy,fz) for set CENTER and time  0.2875000E+00

       -2.540843E-09 -8.156871E+00 -1.534432E-13

                                INCREMENT     5


 forces (fx,fy,fz) for set CENTER and time  0.4562500E+00

       200  6.154688E-10 -1.025725E+01 -6.594725E-14
       201 -3.324270E-10 -8.641306E+00  9.647838E-14
       202  2.346745E-10 -1.154516E+01  2.747247E-13
       599  6.858468E-09 -2.612382E+00  2.767508E-13
       600 -1.265296E-09 -9.105524E-01 -3.636258E-13
       601  5.715880E-10 -2.633021E+00 -1.360578E-13
      1562 -1.982768E-09  2.044309E+00 -2.713524E-13
      1809 -7.170170E-09 -7.916836E+00  3.196332E-13
      1810  4.940645E-09  1.597338E+00  1.500466E-13
      1811 -2.688165E-09  2.656417E+00  4.612422E-13
      2087  5.503375E-09 -8.713292E+00  5.162537E-14
      2315 -1.001136E-08  2.081182E-01  1.720152E-13
      2320  2.181476E-09  3.039698E+00  3.816947E-13
      2321 -8.685269E-10 -5.301862E-01  1.432188E-14
      2322 -4.099806E-10  2.653233E+00 -4.535816E-13
      2323  7.537114E-10  1.209300E+00 -3.049228E-13
      2324  1.823880E-09  3.487921E+00  8.415491E-14
      2802 -1.408119E-08 -9.789119E-02 -2.491340E-13
      2805 -1.070145E-09  1.787168E+00 -9.992007E-14
      3544 -3.866939E-09  4.699012E-01  4.374279E-14
      3546 -7.777753E-09 -1.985204E+00 -3.043121E-13
      3552 -6.027080E-09  1.318514E+00  7.716050E-14
      3553  3.063887E-10  2.264762E+00  9.103829E-14
      3554 -1.733257E-09  2.520611E+00 -4.352074E-13
      3555 -2.890173E-10  1.588499E+00 -1.874056E-13
      3556  1.261855E-09  2.496793E+00  2.349232E-13
      3557 -3.349079E-10  1.900486E+00 -9.464651E-14
      3558 -4.167793E-10  1.608914E+00  2.189360E-13
      3559  2.662458E-09  2.711465E+00 -2.196021E-13
      3560 -8.926911E-10  1.454854E+00  2.591261E-13
      3561 -6.263836E-09 -6.002367E-01 -1.043610E-13
      3880  7.139238E-10  2.166786E+00  1.738609E-13
      3881  5.698036E-09 -1.558333E+00 -9.514611E-14
      3882  6.489935E-09 -6.281853E-02  1.004752E-13
      3883  5.796662E-10  1.846956E+00  2.615685E-13
      3884  2.445835E-09  9.962888E-01  3.191336E-13
      3886  3.990682E-10  2.264484E+00  1.024181E-13
      3887 -1.592416E-09  3.350799E+00 -1.436073E-13
      3888  2.643592E-09  7.042195E-01 -3.259892E-13
      3889 -4.785080E-10  9.910816E-01  5.290213E-14
      4008  2.799510E-09 -1.189825E+00  7.611099E-15
      4026 -4.872514E-09  5.308238E-01 -8.965051E-14

 total force (fx,fy,fz) for set CENTER and time  0.4562500E+00

       -2.494216E-08 -9.384549E+00  2.811145E-13

                                INCREMENT     6


 forces (fx,fy,fz) for set CENTER and time  0.6562500E+00

       200  1.831652E-10 -1.336219E+01  3.478329E-13
       201 -1.298616E-10 -1.123716E+01  3.461675E-13
       202  1.378091E-10 -1.510313E+01  2.490230E-13
       599  2.202360E-10 -4.545200E+00  3.274048E-13
       600 -4.663791E-11 -2.011822E+00 -1.825762E-13
       601  1.054190E-09 -4.916202E+00  6.639134E-14
      1562 -8.870232E-10  2.918756E+00  8.357204E-14
      1809 -4.587281E-09 -1.014079E+01 -3.017586E-13
      1810  7.872765E-10  2.308009E+00 -4.037604E-13
      1811 -6.152980E-10  3.916889E+00  2.154943E-13
      2087  4.096520E-09 -1.108255E+01  4.317657E-13
      2315 -2.682303E-09  2.191774E-01 -3.394507E-13
      2320  5.753166E-10  4.569898E+00  7.670531E-13
      2321 -9.904619E-11 -1.216228E+00  1.545430E-13
      2322 -8.796123E-11  3.847257E+00 -7.147893E-13
      2323  5.124184E-10  1.716197E+00 -4.863887E-13
      2324  1.116451E-09  4.989910E+00  6.376705E-13
      2802 -1.396386E-09 -3.780193E-01  3.926859E-13
      2805 -3.519790E-10  2.442565E+00 -3.219647E-13
      3544 -1.607590E-09  7.887170E-01  4.973799E-14
      3546 -4.035180E-09 -2.348899E+00  4.063416E-14
      3552 -3.871995E-09  1.968667E+00 -1.969536E-13
      3553  2.478608E-10  3.197753E+00  4.496403E-13
      3554 -9.483892E-10  3.563817E+00  5.595524E-14
      3555 -4.100656E-11  2.233339E+00 -1.025846E-13
      3556  6.068546E-10  3.450797E+00  2.047251E-13
      3557 -1.386643E-10  2.693288E+00 -5.229150E-13
      3558 -2.268199E-10  2.270422E+00 -6.794565E-14
      3559  2.529765E-09  3.949846E+00  3.002043E-13
      3560 -5.684718E-10  2.062519E+00  2.513545E-13
      3561 -5.197310E-09 -6.289310E-01  5.639933E-14
      3880  3.996711E-10  2.914647E+00 -4.301004E-13
      3881  5.379842E-09 -1.916496E+00 -6.001866E-13
      3882  4.485971E-09  1.099340E-01  5.329071E-14
      3883  1.087094E-09  2.600016E+00  9.037215E-14
      3884  2.119279E-09  1.595737E+00 -2.853828E-13
      3886  3.508329E-10  3.211870E+00  5.839773E-14
      3887 -7.908536E-10  4.762356E+00 -4.923839E-14
      3888  2.518951E-09  1.149858E+00 -2.564476E-13
      3889 -2.499625E-10  1.406734E+00 -1.770251E-13
      4008  2.682670E-09 -1.859020E+00  1.189521E-12
      4026 -2.570084E-09  8.370000E-01 -1.878497E-13

 total force (fx,fy,fz) for set CENTER and time  0.6562500E+00

       -3.792923E-11 -9.050656E+00  1.192518E-12

                                INCREMENT     7


 forces (fx,fy,fz) for set CENTER and time  0.8562500E+00

       200  9.891612E-09 -1.652003E+01  1.385558E-13
       201 -6.424234E-09 -1.381446E+01  8.026912E-13
       202  6.019332E-09 -1.878919E+01  2.468026E-13
       599  7.764270E-08 -7.687471E+00  9.214851E-14
       600 -1.426508E-08 -3.966190E+00 -4.320988E-13
       601  2.725930E-08 -8.857410E+00 -3.614886E-13
      1562 -3.850557E-08  4.051672E+00 -3.885781E-13
      1809 -1.375278E-07 -1.249872E+01  2.047251E-13
      1810  6.494979E-08  3.264866E+00 -5.643819E-13
      1811 -4.214508E-08  5.678582E+00  3.381739E-13
      2087  1.183288E-07 -1.367082E+01  6.802336E-13
      2315 -1.372020E-07 -4.324855E-02  9.059420E-14
      2320  3.597643E-08  6.796934E+00  8.701928E-13
      2321 -1.142635E-08 -2.434242E+00  5.143663E-13
      2322 -6.922360E-09  5.458884E+00 -9.537926E-13
      2323  1.656894E-08  2.362453E+00 -5.397766E-13
      2324  3.833335E-08  6.950448E+00  9.214851E-13
      2802 -1.713185E-07 -1.051044E+00 -3.266276E-13
      2805 -1.916566E-08  3.241820E+00 -7.762679E-13
      3544 -5.452058E-08  1.151461E+00  5.767609E-14
      3546 -1.267147E-07 -2.778176E+00 -4.223288E-13
      3552 -1.304468E-07  2.895224E+00  7.356338E-13
      3553  7.145019E-09  4.384841E+00  6.883383E-15
      3554 -3.648281E-08  4.890228E+00 -1.274536E-13
      3555 -4.578637E-09  3.050215E+00 -1.265654E-14
      3556  2.448093E-08  4.634725E+00  3.665956E-13
      3557 -6.758291E-09  3.701686E+00 -5.805356E-13
      3558 -8.908192E-09  3.109701E+00  2.671197E-13
      3559  6.177278E-08  5.521553E+00 -2.338130E-13
      3560 -1.985825E-08  2.835363E+00 -2.454703E-13
      3561 -1.479762E-07 -5.192628E-01 -1.132427E-13
      3880  1.486967E-08  3.793733E+00 -1.048051E-13
      3881  1.417169E-07 -2.197231E+00 -4.127809E-13
      3882  1.429890E-07  4.799702E-01  1.572076E-13
      3883  1.243824E-08  3.571523E+00 -4.773959E-14
      3884  5.395008E-08  2.346606E+00  2.670641E-13
      3886  9.476435E-09  4.419409E+00  2.908784E-13
      3887 -3.242249E-08  6.571241E+00  2.161604E-13
      3888  5.448414E-08  1.606401E+00 -3.241851E-13
      3889 -9.981049E-09  1.935457E+00 -2.282063E-13
      4008  5.608811E-08 -3.263802E+00  6.819545E-13
      4026 -7.535087E-08  1.091946E+00  6.264642E-13

 total force (fx,fy,fz) for set CENTER and time  0.8562500E+00

       -2.645199E-07 -8.294352E+00  1.377377E-12

                                INCREMENT     8


 forces (fx,fy,fz) for set CENTER and time  0.1000000E+01

       200  3.367712E-09 -1.907526E+01  4.602985E-13
       201 -2.220540E-09 -1.585649E+01  6.201706E-13
       202  1.946579E-09 -2.181046E+01 -5.498935E-13
       599  2.781061E-08 -1.088908E+01  3.371747E-13
       600 -5.177576E-09 -6.005249E+00 -5.828671E-13
       601  8.032507E-09 -1.297929E+01 -4.229950E-13
      1562 -1.275718E-08  5.098972E+00 -3.352874E-13
      1809 -4.496471E-08 -1.454089E+01  3.370637E-13
      1810  2.268018E-08  4.169873E+00 -7.349676E-13
      1811 -1.443223E-08  7.375215E+00  1.949552E-13
      2087  3.759660E-08 -1.599835E+01  8.946177E-13
      2315 -4.803988E-08 -4.790583E-01  6.346035E-13
      2320  1.169706E-08  8.985534E+00  1.474376E-12
      2321 -4.056887E-09 -3.701716E+00  3.664846E-13
      2322 -2.556831E-09  6.983651E+00 -8.971712E-13
      2323  5.145762E-09  2.954076E+00 -7.594654E-13
      2324  1.191522E-08  8.771133E+00  5.485612E-13
      2802 -6.170093E-08 -1.856469E+00 -2.779998E-13
      2805 -6.582737E-09  3.966635E+00  6.781242E-13
      3544 -1.897142E-08  1.422653E+00  3.866907E-13
      3546 -4.267291E-08 -3.249873E+00 -5.382361E-13
      3552 -4.242787E-08  3.795707E+00  2.859935E-13
      3553  2.067283E-09  5.472762E+00  8.348877E-14
      3554 -1.209358E-08  6.104181E+00 -1.134204E-12
      3555 -1.704865E-09  3.798107E+00 -5.455636E-13
      3556  7.883567E-09  5.713942E+00  1.905143E-13
      3557 -2.407565E-09  4.623828E+00  2.589040E-13
      3558 -3.035505E-09  3.877527E+00  1.515454E-13
      3559  1.909555E-08  6.932180E+00 -1.132427E-13
      3560 -6.526670E-09  3.541947E+00  7.438494E-14
      3561 -4.735531E-08 -3.572076E-01  6.736833E-13
      3880  4.772760E-09  4.577999E+00 -3.068656E-13
      3881  4.441140E-08 -2.386065E+00 -5.946355E-13
      3882  4.552971E-08  8.879128E-01  2.680078E-13
      3883  3.624263E-09  4.473563E+00  1.543210E-13
      3884  1.687379E-08  2.983277E+00  3.645417E-13
      3886  2.742780E-09  5.525105E+00 -1.137423E-13
      3887 -1.085555E-08  8.233028E+00  6.433881E-13
      3888  1.706947E-08  1.905269E+00 -7.664425E-13
      3889 -3.327912E-09  2.418434E+00 -1.088019E-13
      4008  1.764481E-08 -4.932771E+00  8.494316E-13
      4026 -2.561283E-08  1.202259E+00 -2.779721E-13

 total force (fx,fy,fz) for set CENTER and time  0.1000000E+01

       -1.075739E-07 -8.323464E+00  1.870972E-12
