
                        S T E P       1


                                INCREMENT     1


 forces (fx,fy,fz) for set SHUTTLE and time  0.5000000E-01

       198  2.754757E-16  1.979138E-03  1.900818E-16
       199 -4.653113E-17  1.871995E-03  1.726397E-17
       594  3.924131E-17  7.010666E-04  3.659658E-17
       595  1.238962E-16  1.255191E-03  4.409500E-17
       989 -1.740178E-16 -3.868089E-03  2.785489E-16
       990  3.746888E-16  4.296575E-04  7.608185E-17
       991 -1.378676E-16  2.175614E-03 -8.419300E-17
       992 -2.654641E-16  1.691929E-03 -1.461840E-16
       993  4.323317E-16 -3.738219E-03 -7.339638E-18
      2374 -1.665672E-16  2.763152E-03  2.183433E-16
      2375  3.757821E-16  2.708579E-03  5.251153E-17
      2376 -2.991781E-16  2.544511E-03 -1.798603E-16
      2377  1.871316E-16  2.539105E-03 -1.382173E-16
      2378  3.505685E-16  2.090833E-03  4.958890E-17
      2379 -2.894078E-16 -2.539607E-03  1.247448E-16
      2380  4.984979E-18  3.049606E-03 -5.741908E-17
      2381  1.021656E-17  3.112524E-03  5.458533E-18
      2382 -2.393394E-16  2.513869E-03 -9.431491E-17
      2383  4.011731E-16  2.593421E-03  9.376703E-17
      2384 -3.160261E-16  2.410332E-03 -2.898456E-17
      2385  4.798435E-16  1.729759E-04  4.992651E-16
      2386 -7.839041E-17  2.437628E-03 -4.494934E-17
      2387 -9.466867E-17  2.159893E-03  5.133366E-17
      2393 -2.246194E-16 -3.386419E-03 -9.634522E-17
      9972  1.009611E-15 -7.296661E-03 -2.653960E-16
      9973  2.253268E-16 -7.593536E-03 -3.680699E-17
      9974 -7.596526E-16 -7.250586E-03 -1.842306E-16
      9975 -3.780528E-17 -7.650163E-03  3.590908E-16
      9976 -7.103274E-16 -7.330535E-03 -7.120235E-17
      9977 -1.239509E-16 -1.403635E-05 -6.267488E-17
      9978 -2.229457E-16 -1.387483E-05  5.141917E-16
      9979 -1.765020E-16  4.122583E-03  4.876775E-17
      9980  1.351865E-17  3.475123E-03 -5.071288E-17
      9981 -7.249449E-17  3.275986E-03  1.299265E-16
      9982  2.530777E-16  4.148717E-03 -1.771084E-16
      9983 -5.418903E-16  3.298901E-03  4.069866E-17
      9984  7.869865E-17  3.349910E-03 -1.412286E-16
      9985 -6.667060E-16  3.425544E-03  1.862521E-16
      9986  3.671422E-16  3.347272E-03 -5.061980E-16
      9987  2.240899E-16  3.354552E-03  2.115826E-16
      9988  2.849602E-16  4.068046E-03  4.990480E-17
      9989  2.926586E-16  3.289694E-03 -1.979945E-16
      9990 -5.671163E-16  3.977821E-03 -1.659634E-16
      9991  3.449107E-16  3.871080E-03  5.533909E-17
      9992  5.544020E-17 -7.798990E-03 -4.098800E-16
      9993  6.254701E-16 -7.441483E-03  1.830380E-17
      9994 -1.190784E-16 -7.848629E-03  3.914213E-16
      9995 -1.026154E-16 -7.605588E-03 -4.489413E-17
      9996  2.392859E-16 -7.325762E-03  1.810597E-17

 total force (fx,fy,fz) for set SHUTTLE and time  0.5000000E-01

        6.363626E-16 -4.959300E-04  5.691678E-16

                                INCREMENT     2


 forces (fx,fy,fz) for set SHUTTLE and time  0.1000000E+00

       198 -3.017340E-16  3.958203E-03  1.310864E-16
       199 -1.349504E-16  3.744058E-03  4.819673E-17
       594 -2.593559E-17  1.402103E-03 -2.889531E-16
       595  2.614196E-16  2.510416E-03  6.172471E-18
       989  6.013273E-16 -7.735976E-03  9.504979E-17
       990  3.319175E-16  8.593287E-04 -7.139451E-16
       991 -5.029481E-17  4.351237E-03  5.020481E-17
       992 -6.346452E-16  3.383796E-03  4.380244E-16
       993 -1.063674E-16 -7.476604E-03 -1.208724E-17
      2374 -8.709630E-16  5.526195E-03  2.289663E-16
      2375 -3.442798E-16  5.417050E-03 -4.420421E-16
      2376 -6.897329E-16  5.089040E-03 -2.459507E-16
      2377  8.833602E-16  5.078229E-03  4.298479E-16
      2378 -1.212852E-16  4.181707E-03  2.599123E-16
      2379 -1.186388E-16 -5.079076E-03 -1.809966E-16
      2380  6.325528E-16  6.099319E-03  4.701287E-17
      2381 -1.246098E-15  6.225155E-03 -2.764178E-16
      2382  1.966224E-16  5.027704E-03 -1.666067E-16
      2383  8.578442E-16  5.186806E-03  5.496629E-16
      2384  2.314161E-16  4.820623E-03  2.865221E-16
      2385  5.603444E-17  3.459449E-04  1.684743E-16
      2386 -3.308076E-17  4.875279E-03 -1.227743E-17
      2387 -5.419577E-16  4.319764E-03 -5.327085E-17
      2393 -2.765650E-16 -6.772995E-03  1.514770E-16
      9972  8.221419E-16 -1.459295E-02 -2.132943E-16
      9973  3.412919E-16 -1.518668E-02  1.710403E-17
      9974  1.819625E-15 -1.450080E-02 -3.970001E-16
      9975 -1.792628E-15 -1.529993E-02  1.042779E-15
      9976  6.049897E-16 -1.466070E-02 -1.050074E-16
      9977  8.098105E-16 -2.806096E-05  7.333232E-16
      9978  7.773211E-17 -2.773705E-05  8.639832E-16
      9979  2.588520E-16  8.245193E-03 -2.556900E-16
      9980  1.455967E-15  6.950298E-03 -6.985498E-17
      9981 -3.091178E-16  6.551958E-03  5.443872E-16
      9982  3.587374E-16  8.297461E-03 -3.798403E-16
      9983 -1.130065E-15  6.597861E-03 -5.180357E-16
      9984  4.179420E-16  6.699803E-03 -1.365164E-15
      9985 -3.032495E-16  6.851147E-03  2.523029E-16
      9986  1.690011E-15  6.694529E-03  1.916147E-16
      9987 -1.033047E-15  6.709021E-03 -6.967251E-16
      9988 -5.367566E-16  8.136028E-03  2.703920E-16
      9989 -3.596099E-17  6.579306E-03  4.322804E-16
      9990  3.098023E-16  7.955584E-03 -3.668976E-18
      9991 -1.311368E-15  7.742101E-03 -3.928184E-16
      9992 -9.617217E-16 -1.559833E-02 -3.346803E-17
      9993 -2.856332E-16 -1.488330E-02 -5.826988E-16
      9994 -3.470605E-16 -1.569761E-02  9.163155E-17
      9995 -6.570825E-16 -1.521151E-02 -1.880017E-16
      9996 -3.469930E-17 -1.465185E-02 -2.238010E-16

 total force (fx,fy,fz) for set SHUTTLE and time  0.1000000E+00

       -1.215521E-15 -9.918573E-04 -4.872076E-16

                                INCREMENT     3


 forces (fx,fy,fz) for set SHUTTLE and time  0.1750000E+00

       198 -5.646650E-16  6.926661E-03  6.201274E-17
       199 -3.716224E-17  6.552282E-03 -8.766281E-17
       594  2.377914E-16  2.453600E-03 -3.660965E-16
       595 -7.604062E-16  4.393317E-03  8.692747E-17
       989  1.588001E-16 -1.353743E-02  4.620392E-16
       990 -2.892479E-16  1.503861E-03 -6.357802E-16
       991 -7.240055E-16  7.614691E-03  4.520044E-16
       992  1.013125E-15  5.921482E-03  3.233354E-16
       993 -1.291948E-15 -1.308449E-02 -3.834056E-16
      2374  4.395945E-16  9.670552E-03 -1.812186E-16
      2375  3.253009E-16  9.479553E-03 -6.301409E-16
      2376  1.126349E-15  8.905867E-03 -5.292685E-16
      2377 -5.297441E-16  8.886953E-03  1.282958E-15
      2378 -4.421787E-16  7.318095E-03  4.468353E-16
      2379 -1.165656E-15 -8.888024E-03  2.408421E-16
      2380  2.021086E-16  1.067409E-02  2.591640E-17
      2381  9.966379E-16  1.089430E-02  1.104427E-16
      2382 -7.435003E-16  8.798393E-03  7.343408E-17
      2383 -4.878530E-16  9.076816E-03  7.796234E-17
      2384  2.595103E-16  8.435983E-03  5.839106E-16
      2385 -8.356997E-16  6.053855E-04 -7.826724E-16
      2386 -5.237111E-16  8.531798E-03 -2.688355E-17
      2387  1.499733E-15  7.559529E-03  1.772245E-16
      2393 -1.127937E-16 -1.185315E-02  1.904438E-16
      9972 -1.011292E-15 -2.553667E-02  3.886811E-16
      9973 -6.942098E-16 -2.657568E-02 -4.478065E-16
      9974 -6.734857E-16 -2.537541E-02  3.003826E-16
      9975  3.832493E-16 -2.677385E-02 -8.771770E-16
      9976  7.851110E-16 -2.565524E-02 -6.373135E-16
      9977  1.010561E-15 -4.907586E-05 -6.279426E-16
      9978  1.511835E-16 -4.850670E-05 -7.269214E-16
      9979  8.020494E-16  1.442916E-02  3.466463E-16
      9980  9.363291E-16  1.216316E-02 -3.636908E-16
      9981 -1.264322E-15  1.146589E-02  9.953461E-16
      9982 -9.508357E-16  1.452063E-02  1.209822E-16
      9983 -7.663866E-16  1.154641E-02  4.430100E-16
      9984  1.330844E-15  1.172461E-02  9.693085E-17
      9985 -1.102598E-15  1.198966E-02 -2.211230E-16
      9986 -1.010446E-15  1.171539E-02  2.011162E-15
      9987 -2.076176E-16  1.174057E-02  7.913962E-17
      9988 -3.191401E-16  1.423788E-02 -5.507823E-16
      9989 -1.243041E-15  1.151357E-02 -1.166450E-15
      9990 -1.652460E-15  1.392212E-02  5.759313E-17
      9991  7.887629E-16  1.354852E-02 -7.911745E-16
      9992  3.382109E-17 -2.729799E-02 -9.039296E-16
      9993 -6.232166E-17 -2.604665E-02  2.020864E-16
      9994  6.781641E-16 -2.747173E-02  1.132321E-15
      9995  1.635298E-15 -2.662104E-02 -8.991446E-17
      9996 -1.817305E-15 -2.564160E-02 -2.461987E-16

 total force (fx,fy,fz) for set SHUTTLE and time  0.1750000E+00

       -6.489709E-15 -1.735743E-03 -5.029832E-16

                                INCREMENT     4


 forces (fx,fy,fz) for set SHUTTLE and time  0.2875000E+00

       198 -8.906692E-16  1.137904E-02  8.107129E-16
       199  1.379799E-15  1.076491E-02 -2.873338E-16
       594 -5.326103E-16  4.030716E-03  6.713872E-16
       595  8.070403E-16  7.217809E-03  7.305765E-16
       989  2.180413E-15 -2.223876E-02 -2.730986E-16
       990 -1.103506E-15  2.470719E-03  1.164446E-15
       991  6.804884E-16  1.250991E-02 -3.462746E-16
       992 -6.477627E-16  9.727751E-03  9.463416E-16
       993 -2.437252E-15 -2.149703E-02 -8.151341E-16
      2374  3.046331E-16  1.588663E-02 -6.766241E-17
      2375  3.313649E-16  1.557285E-02  6.802658E-16
      2376  1.414864E-15  1.463118E-02 -3.999767E-16
      2377  1.164070E-15  1.460012E-02  1.347421E-16
      2378  3.049992E-15  1.202285E-02 -1.870626E-15
      2379 -1.214207E-15 -1.460087E-02 -1.463411E-16
      2380 -1.063922E-16  1.753670E-02 -3.176565E-16
      2381 -7.873732E-16  1.789847E-02  2.161192E-16
      2382  1.074633E-15  1.445428E-02 -7.395076E-16
      2383  3.348376E-16  1.491168E-02  7.452672E-17
      2384 -6.243819E-16  1.385885E-02 -3.566898E-16
      2385  2.249533E-16  9.945172E-04  1.621735E-16
      2386 -6.864593E-16  1.401667E-02  4.067964E-16
      2387  1.208391E-16  1.241908E-02 -5.615372E-16
      2393  7.160263E-16 -1.947405E-02  4.270172E-16
      9972 -7.479448E-16 -4.195067E-02 -3.526417E-16
      9973 -2.219183E-15 -4.365753E-02  3.285846E-16
      9974  2.583953E-15 -4.168575E-02  2.118461E-16
      9975 -1.094490E-15 -4.398308E-02 -6.120076E-17
      9976 -2.399065E-15 -4.214549E-02  3.910145E-16
      9977 -4.244819E-16 -8.054865E-05  3.758319E-15
      9978  8.544520E-16 -7.960790E-05 -2.678763E-15
      9979  1.876769E-15  2.370523E-02 -1.514434E-17
      9980  1.201018E-15  1.998266E-02 -2.939372E-16
      9981  1.430483E-16  1.883674E-02 -4.155193E-15
      9982 -1.133100E-15  2.385550E-02  5.052657E-16
      9983  9.315718E-16  1.896950E-02 -4.243586E-16
      9984 -6.162637E-16  1.926175E-02  2.827654E-15
      9985 -1.440136E-15  1.969769E-02 -5.259059E-16
      9986 -3.930583E-16  1.924661E-02  7.753716E-16
      9987 -8.499920E-16  1.928754E-02 -7.225913E-16
      9988 -1.565383E-15  2.339040E-02  9.443095E-16
      9989  1.238285E-15  1.891463E-02  3.315434E-16
      9990 -1.329657E-15  2.287167E-02  3.929415E-16
      9991 -9.571378E-16  2.225790E-02 -1.525675E-15
      9992 -9.924490E-16 -4.484894E-02 -6.396770E-16
      9993 -1.527640E-15 -4.279310E-02  6.885389E-16
      9994  1.047924E-15 -4.513438E-02  1.068293E-15
      9995 -2.325040E-15 -4.373674E-02 -2.478347E-16
      9996 -1.436653E-15 -4.212759E-02 -1.254449E-16

 total force (fx,fy,fz) for set SHUTTLE and time  0.2875000E+00

       -6.821313E-15 -2.851561E-03  6.985801E-16

                                INCREMENT     5


 forces (fx,fy,fz) for set SHUTTLE and time  0.4562500E+00

       198 -1.188057E-15  1.805690E-02 -1.415362E-16
       199  1.418583E-15  1.708450E-02 -2.388940E-17
       594 -4.390373E-16  6.396102E-03 -2.054695E-16
       595 -1.243981E-15  1.145487E-02  7.132739E-17
       989  5.379665E-15 -3.528886E-02 -3.383043E-15
       990 -5.462258E-15  3.921135E-03  1.311270E-15
       991 -2.456705E-15  1.985284E-02  1.424376E-16
       992  1.747480E-15  1.543657E-02 -9.033188E-16
       993 -3.702872E-15 -3.411741E-02  6.424055E-16
      2374  3.417378E-15  2.520969E-02 -1.512245E-16
      2375  1.837807E-15  2.471176E-02  1.396747E-15
      2376 -9.588145E-16  2.321933E-02 -2.726171E-16
      2377 -8.011541E-16  2.317007E-02 -4.189000E-16
      2378  1.744091E-15  1.908038E-02 -4.878715E-16
      2379 -6.976545E-16 -2.316883E-02  2.559359E-15
      2380 -2.347510E-15  2.783162E-02 -1.145205E-15
      2381  3.420819E-15  2.840573E-02  9.051603E-16
      2382  1.073658E-15  2.293780E-02  6.799190E-16
      2383  2.403770E-15  2.366363E-02  1.309853E-15
      2384 -2.504484E-16  2.199276E-02  8.333906E-16
      2385 -1.192826E-15  1.578149E-03 -2.053352E-15
      2386  9.184059E-16  2.224420E-02 -1.132573E-16
      2387  1.657636E-15  1.970820E-02  4.571300E-16
      2393  2.507001E-15 -3.090687E-02  1.446451E-15
      9972  3.191864E-16 -6.656810E-02  5.084521E-15
      9973  1.509447E-15 -6.927664E-02  1.241896E-15
      9974  7.022975E-16 -6.614769E-02 -1.462873E-15
      9975 -1.018338E-15 -6.979319E-02 -1.655499E-15
      9976 -3.495667E-15 -6.687731E-02 -9.002005E-16
      9977 -1.904991E-15 -1.276462E-04 -3.492224E-15
      9978  2.830092E-16 -1.261398E-04 -3.285812E-15
      9979 -4.231703E-15  3.761958E-02 -3.746625E-16
      9980  6.096803E-17  3.171241E-02  2.497829E-15
      9981  5.198125E-15  2.989290E-02  5.889459E-16
      9982  1.036126E-15  3.785806E-02 -1.217273E-15
      9983  2.911988E-15  3.010469E-02 -1.474675E-15
      9984 -4.879577E-15  3.056730E-02  3.523912E-15
      9985 -5.373301E-15  3.126029E-02  7.879539E-16
      9986  3.836752E-15  3.054330E-02  3.003155E-15
      9987  6.438591E-15  3.060721E-02  4.403557E-15
      9988 -4.985442E-16  3.711857E-02 -2.196753E-16
      9989 -1.888821E-15  3.001545E-02 -1.119138E-15
      9990 -4.311656E-15  3.629544E-02 -2.287350E-15
      9991  5.084460E-15  3.532141E-02 -6.324048E-16
      9992 -1.730492E-16 -7.117868E-02 -1.704692E-15
      9993  2.162880E-15 -6.791593E-02  7.134954E-16
      9994 -6.182294E-15 -7.163167E-02  7.611333E-16
      9995 -2.957337E-15 -6.941350E-02  3.424902E-16
      9996 -2.797721E-15 -6.685968E-02 -1.353105E-15

 total force (fx,fy,fz) for set SHUTTLE and time  0.4562500E+00

       -3.384193E-15 -4.525261E-03  4.225069E-15

                                INCREMENT     6


 forces (fx,fy,fz) for set SHUTTLE and time  0.6562500E+00

       198 -6.914810E-16  2.597031E-02  1.432532E-16
       199 -4.500761E-15  2.457540E-02 -9.863135E-16
       594 -7.115858E-16  9.199071E-03  6.482282E-16
       595  6.075491E-16  1.647706E-02  7.286178E-16
       989  4.322099E-15 -5.075266E-02  4.632791E-16
       990 -8.156649E-16  5.640350E-03 -3.922698E-15
       991  1.427012E-15  2.855570E-02 -7.857165E-17
       992  2.266657E-15  2.220167E-02  1.858816E-15
       993  1.191320E-15 -4.907735E-02 -1.831374E-15
      2374 -2.330885E-15  3.625764E-02 -8.667999E-16
      2375 -3.987010E-15  3.554147E-02  3.252093E-16
      2376  2.593194E-15  3.339814E-02  7.311058E-16
      2377  2.405681E-15  3.332733E-02 -2.396568E-15
      2378  2.392130E-15  2.744546E-02 -9.790375E-16
      2379  1.316593E-15 -3.332143E-02 -8.449384E-16
      2380  6.918744E-16  4.003459E-02  8.888569E-16
      2381  1.460107E-15  4.086034E-02  1.066689E-15
      2382  2.311684E-16  3.299183E-02  2.402550E-15
      2383 -3.571158E-15  3.403578E-02 -4.915097E-16
      2384 -1.500636E-15  3.163234E-02 -1.761145E-15
      2385  2.487919E-15  2.269760E-03 -3.565188E-15
      2386  4.745698E-16  3.199568E-02  3.454402E-16
      2387  1.188171E-15  2.834684E-02  6.329018E-16
      2393 -8.634605E-16 -4.445919E-02 -8.833473E-16
      9972  7.471252E-15 -9.573876E-02 -2.246895E-15
      9973 -1.538809E-15 -9.963429E-02  1.402681E-15
      9974  8.713655E-15 -9.513409E-02 -6.382171E-16
      9975 -3.257199E-15 -1.003771E-01  2.861831E-15
      9976 -3.634061E-15 -9.618360E-02  3.074320E-15
      9977 -2.943373E-15 -1.832919E-04 -7.910398E-15
      9978 -1.181977E-15 -1.811020E-04 -4.088278E-16
      9979 -2.045764E-15  5.411107E-02 -3.421673E-16
      9980 -1.609458E-15  4.561510E-02 -8.876258E-16
      9981 -7.582971E-15  4.299630E-02  9.803133E-15
      9982  1.795560E-15  5.445410E-02  6.936641E-16
      9983 -2.495317E-15  4.330285E-02  7.481090E-16
      9984  4.110024E-15  4.396622E-02  3.496256E-15
      9985 -7.035921E-15  4.496500E-02 -2.699956E-16
      9986  5.040208E-15  4.393175E-02  7.248303E-15
      9987 -3.675037E-15  4.402189E-02 -6.186354E-16
      9988 -1.327840E-15  5.338806E-02 -3.483021E-15
      9989 -3.549201E-15  4.317079E-02 -1.415670E-15
      9990 -1.430602E-15  5.220423E-02 -7.801326E-16
      9991 -2.117676E-15  5.080322E-02  9.365594E-16
      9992 -6.449035E-15 -1.023894E-01 -3.672163E-15
      9993 -7.993128E-16 -9.769607E-02  1.451601E-16
      9994  2.510191E-15 -1.030410E-01  3.480129E-15
      9995  4.371082E-15 -9.985020E-02  1.966443E-15
      9996  1.053737E-15 -9.617660E-02 -1.654113E-15

 total force (fx,fy,fz) for set SHUTTLE and time  0.6562500E+00

       -1.152444E-14 -6.508867E-03  3.156185E-15

                                INCREMENT     7


 forces (fx,fy,fz) for set SHUTTLE and time  0.8562500E+00

       198  4.605357E-15  3.388254E-02 -8.712454E-16
       199  2.162749E-15  3.206740E-02  7.531478E-16
       594  1.717125E-15  1.200155E-02 -1.480565E-15
       595  1.913327E-15  2.149978E-02  1.627742E-16
       989 -5.371974E-15 -6.621325E-02  2.819552E-15
       990  1.071300E-15  7.359785E-03 -1.568101E-15
       991 -2.344274E-15  3.725872E-02  4.825053E-16
       992  3.746198E-16  2.896578E-02  7.819564E-16
       993 -5.777983E-15 -6.403994E-02 -3.223025E-15
      2374 -1.956859E-15  4.730382E-02  2.910351E-15
      2375 -5.673309E-15  4.636944E-02 -2.311676E-16
      2376 -1.643008E-15  4.357724E-02  6.785633E-16
      2377 -4.143066E-16  4.348490E-02 -7.552046E-16
      2378  2.648629E-15  3.581120E-02  1.089290E-15
      2379  4.278895E-15 -4.347183E-02 -1.326862E-15
      2380 -4.653636E-16  5.223927E-02 -4.139715E-15
      2381  7.657652E-15  5.331665E-02  1.161472E-15
      2382  7.228460E-15  4.304532E-02  2.164150E-15
      2383 -7.986851E-16  4.440735E-02 -1.016795E-15
      2384  1.170596E-15  4.127127E-02 -2.320926E-15
      2385 -1.515951E-15  2.961261E-03 -3.108617E-16
      2386 -2.806522E-16  4.174753E-02 -5.014197E-16
      2387  1.058392E-15  3.698511E-02 -1.821553E-16
      2393 -3.076990E-15 -5.801402E-02  1.905324E-15
      9972 -1.351041E-15 -1.249034E-01 -2.347795E-16
      9973 -8.512206E-15 -1.299857E-01 -4.114179E-15
      9974 -1.672151E-15 -1.241145E-01 -7.712715E-16
      9975 -2.159195E-15 -1.309548E-01 -6.542888E-16
      9976 -6.106387E-15 -1.254839E-01 -1.747914E-15
      9977  9.333883E-15 -2.387490E-04 -1.784182E-15
      9978  7.191672E-15 -2.358616E-04  1.434177E-15
      9979  2.866440E-15  7.060300E-02  2.914004E-16
      9980 -3.247016E-15  5.951860E-02  1.926433E-15
      9981 -9.288454E-15  5.609950E-02 -6.945567E-16
      9982 -4.939732E-15  7.105057E-02  2.594834E-15
      9983  1.480728E-15  5.650196E-02 -2.436127E-15
      9984  7.832389E-15  5.736486E-02 -1.883762E-15
      9985 -3.284984E-15  5.867065E-02 -2.172142E-15
      9986 -9.605206E-15  5.731996E-02  2.286202E-15
      9987 -9.160722E-15  5.743524E-02  3.833345E-15
      9988 -3.209689E-15  6.965654E-02  3.771358E-16
      9989 -2.359580E-15  5.632483E-02 -5.501581E-16
      9990 -1.001007E-14  6.811208E-02 -1.179874E-15
      9991  3.506061E-15  6.628407E-02  4.009630E-15
      9992 -3.180097E-15 -1.336057E-01  1.256211E-15
      9993 -3.306896E-15 -1.274816E-01 -2.202281E-15
      9994  2.563834E-15 -1.344559E-01 -9.010812E-16
      9995 -2.198849E-15 -1.302923E-01 -2.600312E-15
      9996 -2.742477E-15 -1.254987E-01 -1.578124E-15

 total force (fx,fy,fz) for set SHUTTLE and time  0.8562500E+00

       -4.499200E-14 -8.492429E-03 -1.051462E-14

                                INCREMENT     8


 forces (fx,fy,fz) for set SHUTTLE and time  0.1000000E+01

       198  2.646493E-15  3.956872E-02 -1.793219E-15
       199  6.304596E-15  3.745296E-02 -7.808498E-16
       594 -1.879812E-16  1.401553E-02 -1.822929E-15
       595 -1.442768E-15  2.511020E-02 -5.797229E-16
       989 -9.328175E-15 -7.732356E-02  3.441926E-15
       990  9.140192E-16  8.595766E-03 -3.798324E-15
       991 -4.536464E-17  4.351412E-02  9.546061E-17
       992 -3.541534E-15  3.382688E-02  3.978725E-16
       993 -1.638687E-16 -7.479594E-02 -3.213107E-15
      2374  7.389253E-15  5.524218E-02  1.763434E-15
      2375 -1.131770E-14  5.415097E-02  4.202508E-15
      2376 -9.112921E-15  5.089364E-02 -1.027051E-16
      2377 -8.677091E-15  5.078586E-02  1.265480E-18
      2378 -2.012268E-16  4.182449E-02 -2.294425E-15
      2379 -1.438331E-15 -5.076608E-02  3.732951E-15
      2380 -1.862516E-15  6.101243E-02  4.063154E-15
      2381 -9.342637E-15  6.227067E-02  1.725946E-15
      2382  4.563176E-15  5.027093E-02 -5.670032E-16
      2383 -5.536476E-15  5.186155E-02  1.205926E-15
      2384  1.851913E-15  4.819884E-02 -1.757117E-15
      2385 -5.441161E-15  3.458210E-03 -2.807279E-15
      2386  4.577508E-16  4.875689E-02 -3.048979E-16
      2387  2.515974E-15  4.319365E-02  1.055427E-15
      2393  3.094751E-15 -6.775809E-02  8.895309E-16
      9972 -7.608027E-15 -1.458618E-01  8.932579E-15
      9973  1.317390E-14 -1.517970E-01 -5.512021E-15
      9974  1.900901E-14 -1.449404E-01 -3.007338E-15
      9975  1.097654E-14 -1.529286E-01 -6.659963E-15
      9976 -2.584269E-15 -1.465398E-01  1.167424E-15
      9977 -1.341533E-14 -2.784922E-04 -3.410983E-15
      9978 -1.417593E-14 -2.750948E-04 -3.282463E-15
      9979  3.086595E-16  8.245684E-02 -3.764389E-15
      9980  4.535523E-16  6.951226E-02 -1.352562E-15
      9981 -6.264616E-15  6.551730E-02  1.471863E-14
      9982 -9.867840E-16  8.297955E-02 -2.583146E-15
      9983  4.146457E-15  6.598942E-02 -2.084247E-15
      9984 -6.102312E-16  6.699497E-02  5.573571E-15
      9985  3.423110E-15  6.852218E-02  8.482179E-16
      9986 -1.429061E-14  6.694259E-02  5.046663E-15
      9987  8.110886E-15  6.707527E-02 -5.802482E-15
      9988 -2.768202E-16  8.134888E-02 -4.149620E-15
      9989  9.797352E-15  6.577849E-02 -2.029066E-15
      9990  5.261249E-15  7.954526E-02  2.113545E-15
      9991  2.184470E-15  7.741035E-02  1.421723E-15
      9992  8.147200E-15 -1.560459E-01  2.714964E-15
      9993 -1.464985E-15 -1.488932E-01  2.850290E-15
      9994  1.022092E-14 -1.570388E-01 -3.002307E-15
      9995  5.235070E-15 -1.521759E-01  5.133334E-16
      9996  2.359022E-15 -1.465773E-01 -1.970185E-15

 total force (fx,fy,fz) for set SHUTTLE and time  0.1000000E+01

        3.227967E-15 -9.918089E-03  4.399337E-17
