
                        S T E P       1


                                INCREMENT     1


 forces (fx,fy,fz) for set SHUTTLE and time  0.5000000E-01

       198 -1.433886E-08  3.736624E-01  1.428185E-09
       199 -1.790088E-08  3.559105E-01  6.020615E-10
       594 -1.656033E-08  1.322854E-01 -1.287867E-09
       595 -9.805543E-09  2.384159E-01 -8.476400E-10
       989  8.985460E-09 -7.292914E-01 -1.283526E-09
       990  1.047148E-09  8.165496E-02 -7.442626E-11
       991  2.333297E-08  4.123858E-01 -3.243780E-09
       992  2.043467E-08  3.194693E-01 -3.179211E-09
       993  1.434620E-08 -7.112399E-01 -1.746774E-09
      2374 -3.261154E-08  5.215686E-01  3.918886E-10
      2375 -3.396063E-08  5.112521E-01  4.977110E-10
      2376  1.617959E-08  4.824236E-01 -3.849431E-10
      2377  1.627551E-08  4.814316E-01 -2.493960E-10
      2378  1.570627E-08  3.968802E-01  3.672183E-10
      2379  1.201145E-08 -4.787296E-01  3.360997E-09
      2380 -2.868916E-08  5.797104E-01  6.798259E-11
      2381 -2.849991E-08  5.916195E-01 -2.987488E-10
      2382  1.200985E-08  4.756910E-01 -4.845863E-10
      2383  1.265395E-08  4.907239E-01 -3.155885E-11
      2384  1.218279E-08  4.559464E-01  6.490458E-10
      2385  6.385333E-11  3.265414E-02 -2.568573E-10
      2386  2.234406E-08  4.622604E-01  3.368128E-09
      2387  2.230398E-08  4.088389E-01  2.516448E-09
      2393  1.742166E-09 -6.444098E-01  2.885177E-10
      9972  2.054197E-08 -1.375780E+00  1.211249E-09
      9973  2.203388E-08 -1.431816E+00 -1.636080E-09
      9974  2.196247E-08 -1.367064E+00  1.425526E-09
      9975  2.275802E-08 -1.442461E+00 -1.617920E-09
      9976  2.683845E-08 -1.382254E+00 -1.404259E-09
      9977  1.214050E-09 -2.445579E-03  5.471239E-11
      9978  1.609665E-09 -2.399271E-03 -2.265271E-10
      9979  4.587879E-08  7.815874E-01 -1.042690E-09
      9980  4.913225E-08  6.593489E-01 -1.821089E-09
      9981  4.885489E-08  6.204762E-01 -2.836331E-09
      9982  4.685051E-08  7.865423E-01  1.412815E-10
      9983  5.441464E-08  6.261099E-01 -4.839413E-10
      9984  5.217195E-08  6.344052E-01 -4.007748E-10
      9985  5.517391E-08  6.500958E-01  2.562701E-10
      9986  5.114018E-08  6.339419E-01  2.025614E-09
      9987  4.520840E-08  6.341021E-01 -1.211073E-09
      9988  3.783919E-08  7.696380E-01 -1.605162E-09
      9989  4.544506E-08  6.218501E-01  5.351417E-10
      9990  3.895165E-08  7.526241E-01 -9.462571E-11
      9991  3.737536E-08  7.323929E-01  1.540348E-09
      9992  1.593043E-08 -1.483870E+00 -1.943760E-09
      9993  1.807275E-08 -1.415895E+00  2.237379E-09
      9994  1.569389E-08 -1.493291E+00 -1.747157E-09
      9995  1.831688E-08 -1.447044E+00  2.381714E-09
      9996  1.908510E-08 -1.393828E+00  2.677974E-09

 total force (fx,fy,fz) for set SHUTTLE and time  0.5000000E-01

        8.417474E-07 -9.391830E-02 -3.415310E-09

                                INCREMENT     2


 forces (fx,fy,fz) for set SHUTTLE and time  0.1000000E+00

       198 -2.437590E-13  7.446017E-01 -3.295922E-14
       199 -9.798053E-14  7.142261E-01 -2.572550E-14
       594 -8.365601E-14  2.634561E-01 -1.671113E-14
       595  2.885871E-14  4.779845E-01  1.204000E-14
       989  7.441637E-14 -1.451262E+00 -3.422309E-14
       990  3.636440E-14  1.638072E-01  4.835644E-14
       991  2.893784E-13  8.250707E-01 -7.996323E-14
       992  2.776705E-13  6.366878E-01 -2.257382E-14
       993  7.395281E-14 -1.428324E+00  1.712560E-14
      2374 -1.644717E-13  1.039109E+00  6.805903E-17
      2375 -1.128115E-13  1.018525E+00  4.202680E-14
      2376  4.316408E-13  9.654027E-01  1.830563E-14
      2377  1.700435E-13  9.634824E-01 -2.958326E-14
      2378  6.836439E-14  7.951594E-01  3.955280E-14
      2379  4.423610E-14 -9.524783E-01 -2.427086E-14
      2380 -2.409660E-13  1.163152E+00 -2.840867E-14
      2381 -2.300474E-13  1.186944E+00 -8.754204E-16
      2382  2.743462E-13  9.500769E-01  5.667223E-14
      2383  1.438528E-13  9.800590E-01  8.061145E-14
      2384  9.765408E-14  9.103334E-01 -9.280642E-14
      2385  2.805470E-14  6.508012E-02 -7.332111E-14
      2386  2.486227E-13  9.252663E-01  8.457065E-14
      2387  2.848315E-13  8.168362E-01  1.025949E-13
      2393 -8.795708E-14 -1.294321E+00 -7.033378E-15
      9972  2.000079E-14 -2.737890E+00 -1.399394E-14
      9973 -2.680456E-13 -2.849533E+00 -9.420742E-15
      9974 -2.856739E-14 -2.720489E+00 -3.385399E-14
      9975 -6.995036E-15 -2.870656E+00  4.752881E-14
      9976  4.956109E-14 -2.750951E+00  1.500151E-14
      9977 -3.010041E-14 -4.443961E-03 -1.850076E-13
      9978 -1.085635E-13 -4.319494E-03  1.113809E-13
      9979  4.888661E-13  1.564036E+00 -2.270443E-14
      9980  4.876894E-13  1.320457E+00  1.035464E-13
      9981  6.343125E-13  1.240443E+00  4.323726E-14
      9982  5.142176E-13  1.573953E+00 -1.489408E-14
      9983  6.747228E-13  1.254280E+00  1.957315E-14
      9984  5.711190E-13  1.268142E+00 -5.336395E-14
      9985  7.189623E-13  1.302234E+00  1.330145E-14
      9986  4.747037E-13  1.267293E+00 -3.199754E-14
      9987  6.609682E-13  1.265139E+00  4.219966E-14
      9988  2.810044E-13  1.536897E+00 -7.841278E-14
      9989  6.111563E-13  1.240711E+00  5.036781E-14
      9990  6.351176E-13  1.503031E+00 -3.039066E-14
      9991  5.399129E-13  1.462563E+00  6.368145E-14
      9992  5.414700E-14 -2.979983E+00 -2.494512E-14
      9993  8.021772E-14 -2.843568E+00  2.987279E-14
      9994  3.005269E-13 -2.998853E+00  8.559368E-14
      9995  1.069177E-13 -2.905977E+00 -2.333017E-14
      9996 -1.219328E-13 -2.799152E+00 -2.196306E-14

 total force (fx,fy,fz) for set SHUTTLE and time  0.1000000E+00

        8.650558E-12 -1.877631E-01  1.144763E-13

                                INCREMENT     3


 forces (fx,fy,fz) for set SHUTTLE and time  0.1750000E+00

       198 -3.062298E-13  1.295743E+00  9.007363E-14
       199 -7.841709E-14  1.256052E+00  2.889558E-14
       594 -1.234456E-13  4.580772E-01 -1.439097E-13
       595 -7.697089E-14  8.393748E-01 -1.526202E-14
       989  2.755293E-13 -2.520256E+00 -8.590783E-14
       990 -5.367218E-14  2.879729E-01 -3.262810E-15
       991  6.226649E-13  1.444540E+00 -7.197899E-14
       992  6.601438E-13  1.108201E+00 -6.405770E-14
       993  7.398111E-14 -2.514608E+00 -2.928919E-14
      2374 -3.297284E-13  1.807665E+00  2.304195E-15
      2375 -2.063715E-14  1.771775E+00  2.211779E-14
      2376  3.931726E-13  1.690695E+00 -1.886180E-14
      2377  3.094281E-13  1.687497E+00  9.835604E-15
      2378  1.345855E-14  1.395005E+00  1.241093E-13
      2379  9.067576E-14 -1.653626E+00  7.841723E-14
      2380 -4.821244E-13  2.045049E+00 -1.469605E-13
      2381 -4.325687E-13  2.086610E+00 -6.680133E-14
      2382  5.164607E-14  1.659002E+00 -2.443168E-14
      2383  5.192902E-13  1.711241E+00  1.336499E-13
      2384  4.594328E-13  1.588789E+00 -4.560078E-14
      2385 -1.058023E-13  1.133326E-01 -2.355258E-13
      2386  5.117822E-13  1.620996E+00  1.428787E-13
      2387  4.670165E-13  1.427137E+00  1.328803E-13
      2393  1.329670E-13 -2.279226E+00  1.678657E-13
      9972  1.868361E-13 -4.755024E+00  8.843270E-14
      9973  8.232051E-14 -4.949269E+00 -5.427762E-14
      9974 -1.566054E-13 -4.724663E+00  1.793241E-14
      9975  6.286096E-14 -4.985807E+00  1.424486E-13
      9976  5.242184E-13 -4.778190E+00  1.707479E-13
      9977  2.828024E-15 -6.546960E-03 -2.015160E-13
      9978 -2.989728E-13 -6.245284E-03  3.726652E-13
      9979  8.731797E-13  2.739039E+00  8.156742E-14
      9980  1.380509E-12  2.315194E+00 -7.345767E-14
      9981  8.581198E-13  2.169302E+00 -1.561426E-14
      9982  9.851819E-13  2.756413E+00 -5.582810E-14
      9983  1.257481E-12  2.200164E+00 -1.558758E-13
      9984  1.375478E-12  2.217349E+00 -1.572364E-13
      9985  5.905575E-13  2.284040E+00  1.479851E-13
      9986  1.041864E-12  2.216077E+00  1.288796E-13
      9987  1.289999E-12  2.205741E+00  1.026252E-13
      9988  8.762882E-13  2.683073E+00 -4.066624E-14
      9989  1.078175E-12  2.163197E+00  7.425735E-15
      9990  9.987180E-13  2.624222E+00  8.459161E-14
      9991  7.175029E-13  2.553412E+00 -1.816080E-14
      9992  4.477619E-13 -5.246505E+00 -2.298324E-14
      9993  3.754517E-13 -5.006596E+00  2.063579E-13
      9994  3.373612E-13 -5.279600E+00 -1.345015E-13
      9995  9.521041E-14 -5.116102E+00  8.570467E-14
      9996 -8.013109E-14 -4.928136E+00 -3.364066E-14

 total force (fx,fy,fz) for set SHUTTLE and time  0.1750000E+00

        1.747379E-11 -3.284229E-01  6.547836E-13

                                INCREMENT     4


 forces (fx,fy,fz) for set SHUTTLE and time  0.2875000E+00

       198 -2.845806E-12  2.110154E+00  5.895379E-13
       199 -3.163411E-12  2.078113E+00  4.620774E-13
       594 -3.124021E-12  7.450822E-01 -6.617208E-13
       595 -2.872166E-12  1.385672E+00 -4.190552E-13
       989  1.342703E-12 -4.091713E+00 -2.408908E-13
       990  4.109449E-13  4.763450E-01  2.727857E-14
       991  9.245018E-12  2.374399E+00 -2.725077E-12
       992  8.562974E-12  1.805503E+00 -2.865071E-12
       993  2.376597E-12 -4.167098E+00 -7.513265E-13
      2374 -6.406460E-12  2.942494E+00  2.821469E-13
      2375 -7.170037E-12  2.883877E+00  8.915437E-14
      2376  6.138521E-12  2.779847E+00 -2.817073E-13
      2377  6.967296E-12  2.774980E+00 -4.299265E-14
      2378  7.234613E-12  2.299651E+00  2.937913E-13
      2379  8.599452E-13 -2.683678E+00  1.247599E-12
      2380 -6.530094E-12  3.382260E+00  2.121513E-13
      2381 -6.698512E-12  3.450338E+00  1.945440E-13
      2382  5.491213E-12  2.715828E+00 -2.353168E-13
      2383  6.699784E-12  2.801047E+00 -2.927492E-13
      2384  7.132163E-12  2.598869E+00 -1.279779E-15
      2385  5.698803E-14  1.849711E-01  1.405433E-13
      2386  9.197227E-12  2.666825E+00  2.826267E-12
      2387  1.100699E-11  2.338444E+00  2.863971E-12
      2393  2.601073E-13 -3.778324E+00  5.482653E-13
      9972  2.782627E-12 -7.721117E+00  3.250335E-13
      9973  2.091372E-12 -8.037439E+00 -1.477978E-13
      9974  3.368966E-12 -7.671493E+00 -1.867925E-13
      9975  1.711216E-12 -8.096450E+00 -6.968389E-14
      9976  2.616532E-12 -7.759957E+00 -5.494326E-13
      9977 -1.920840E-13 -7.523290E-03  5.492603E-13
      9978  6.928834E-13 -6.820130E-03  5.550608E-13
      9979  1.838715E-11  4.503707E+00 -5.653213E-13
      9980  1.855047E-11  3.813565E+00 -1.105114E-12
      9981  1.998486E-11  3.559759E+00 -1.608250E-12
      9982  1.961287E-11  4.532304E+00 -4.665980E-13
      9983  2.029582E-11  3.626478E+00 -4.914918E-13
      9984  2.328780E-11  3.637610E+00 -7.963519E-13
      9985  2.167472E-11  3.764179E+00 -3.004460E-13
      9986  2.420117E-11  3.636086E+00 -4.969738E-13
      9987  1.897711E-11  3.602670E+00 -9.156329E-13
      9988  1.664882E-11  4.391015E+00 -5.333012E-13
      9989  2.022846E-11  3.533298E+00 -7.549729E-13
      9990  1.816704E-11  4.295323E+00 -2.669638E-13
      9991  1.959076E-11  4.179106E+00 -9.753961E-14
      9992  3.610991E-12 -8.694751E+00 -4.648059E-13
      9993  2.344148E-12 -8.297845E+00  5.230365E-13
      9994  3.511555E-12 -8.749279E+00 -2.756090E-13
      9995  2.128473E-12 -8.478450E+00  4.203409E-13
      9996  2.462983E-12 -8.167165E+00  1.206102E-13

 total force (fx,fy,fz) for set SHUTTLE and time  0.2875000E+00

        3.309093E-10 -5.393050E-01 -6.339596E-12

                                INCREMENT     5


 forces (fx,fy,fz) for set SHUTTLE and time  0.4562500E+00

       198 -1.154392E-09  3.302691E+00  1.445266E-10
       199 -1.335435E-09  3.330540E+00  1.636746E-10
       594 -9.821564E-10  1.164127E+00 -1.885709E-10
       595 -9.857507E-10  2.213325E+00 -1.637783E-10
       989  6.978877E-10 -6.375009E+00 -1.689508E-10
       990  2.534858E-11  7.637127E-01 -1.636926E-11
       991  3.486995E-09  3.769530E+00 -9.227437E-10
       992  3.372081E-09  2.828218E+00 -1.043607E-09
       993  1.005657E-09 -6.694494E+00 -3.317993E-10
      2374 -2.201030E-09  4.602508E+00  4.243669E-11
      2375 -2.295885E-09  4.510364E+00  5.958219E-11
      2376  2.337128E-09  4.414173E+00 -3.031297E-11
      2377  2.383201E-09  4.407314E+00 -2.296622E-11
      2378  2.245298E-09  3.665614E+00  7.080312E-11
      2379  4.066883E-10 -4.178980E+00  3.506906E-10
      2380 -2.368764E-09  5.417677E+00  8.039182E-12
      2381 -2.412979E-09  5.525167E+00  9.438949E-12
      2382  2.226216E-09  4.284369E+00 -4.231623E-11
      2383  2.374563E-09  4.418052E+00 -1.832256E-11
      2384  2.436318E-09  4.095016E+00  4.056172E-11
      2385  4.616303E-11  2.911913E-01  1.462275E-11
      2386  3.082546E-09  4.238882E+00  9.557725E-10
      2387  3.712168E-09  3.694990E+00  9.963638E-10
      2393  1.048969E-10 -6.072885E+00  1.811569E-10
      9972  1.105804E-09 -1.203312E+01  1.249194E-10
      9973  6.762758E-10 -1.252844E+01 -3.634224E-11
      9974  1.201957E-09 -1.195508E+01  8.771385E-11
      9975  6.831012E-10 -1.261980E+01 -8.484699E-11
      9976  8.584460E-10 -1.209670E+01 -1.783992E-10
      9977  6.304245E-11 -3.555483E-03  3.429517E-11
      9978  9.531810E-11 -1.945537E-03 -1.186485E-11
      9979  6.584618E-09  7.152832E+00 -9.779498E-11
      9980  6.822498E-09  6.073008E+00 -1.052346E-10
      9981  7.839764E-09  5.637822E+00 -2.120201E-10
      9982  6.728416E-09  7.198356E+00 -3.972423E-11
      9983  7.162846E-09  5.780495E+00 -2.199712E-11
      9984  8.194568E-09  5.758683E+00 -5.795090E-11
      9985  7.255908E-09  5.998843E+00  4.382197E-11
      9986  8.249355E-09  5.757748E+00  8.239661E-11
      9987  7.119459E-09  5.664765E+00 -1.116555E-10
      9988  6.447592E-09  6.925108E+00 -9.406971E-11
      9989  7.279775E-09  5.555979E+00 -5.403871E-11
      9990  6.686039E-09  6.775502E+00 -2.837519E-11
      9991  6.697519E-09  6.591654E+00  9.728323E-11
      9992  1.110220E-09 -1.396967E+01 -1.358206E-10
      9993  7.980515E-10 -1.333372E+01  1.960224E-10
      9994  1.123249E-09 -1.405650E+01 -1.853844E-10
      9995  8.358943E-10 -1.362197E+01  1.559652E-10
      9996  8.957092E-10 -1.312219E+01  8.455063E-11

 total force (fx,fy,fz) for set SHUTTLE and time  0.4562500E+00

        1.187222E-07 -8.558092E-01 -4.606183E-10

                                INCREMENT     6


 forces (fx,fy,fz) for set SHUTTLE and time  0.6562500E+00

       198 -2.025938E-08  4.668336E+00  2.462020E-09
       199 -2.437371E-08  4.841454E+00  2.876365E-09
       594 -1.657861E-08  1.642299E+00 -3.205415E-09
       595 -1.728402E-08  3.204337E+00 -2.930998E-09
       989  1.243559E-08 -8.963387E+00 -3.005891E-09
       990  3.621665E-10  1.111796E+00 -4.126275E-10
       991  6.124167E-08  5.421304E+00 -1.607092E-08
       992  6.005612E-08  4.002765E+00 -1.840164E-08
       993  1.854025E-08 -9.758509E+00 -6.012667E-09
      2374 -3.820266E-08  6.501235E+00  6.485878E-10
      2375 -3.930614E-08  6.370313E+00  9.024458E-10
      2376  4.129339E-08  6.347763E+00 -5.498858E-10
      2377  4.166747E-08  6.339246E+00 -4.236180E-10
      2378  3.888964E-08  5.294418E+00  1.252641E-09
      2379  6.862012E-09 -5.872280E+00  5.863557E-09
      2380 -4.254743E-08  7.870224E+00  8.777579E-12
      2381 -4.288543E-08  8.023765E+00  4.347625E-11
      2382  3.963909E-08  6.113668E+00 -5.415529E-10
      2383  4.181997E-08  6.303041E+00 -1.744976E-10
      2384  4.246178E-08  5.835148E+00  8.467152E-10
      2385  6.909546E-10  4.160307E-01  1.657506E-10
      2386  5.331795E-08  6.103755E+00  1.649610E-08
      2387  6.497905E-08  5.284404E+00  1.758451E-08
      2393  1.716350E-09 -8.857151E+00  3.184085E-09
      9972  1.942188E-08 -1.692581E+01  1.995210E-09
      9973  1.140092E-08 -1.762692E+01 -6.645151E-10
      9974  2.070186E-08 -1.681502E+01  1.321961E-09
      9975  1.130409E-08 -1.775470E+01 -1.533131E-09
      9976  1.400258E-08 -1.702070E+01 -3.053578E-09
      9977  1.017909E-09  1.061341E-02  3.765409E-10
      9978  1.571591E-09  1.376203E-02 -4.496907E-10
      9979  1.152498E-07  1.029033E+01 -1.457935E-09
      9980  1.199907E-07  8.764832E+00 -1.523248E-09
      9981  1.386542E-07  8.086412E+00 -3.204951E-09
      9982  1.168201E-07  1.035609E+01 -3.976425E-10
      9983  1.249270E-07  8.351294E+00 -5.761962E-11
      9984  1.437533E-07  8.255458E+00 -5.042867E-10
      9985  1.254132E-07  8.665146E+00  1.195794E-09
      9986  1.435876E-07  8.256927E+00  1.916303E-09
      9987  1.261284E-07  8.053467E+00 -1.568521E-09
      9988  1.146048E-07  9.880699E+00 -1.279885E-09
      9989  1.278407E-07  7.899337E+00 -6.184137E-10
      9990  1.179256E-07  9.669083E+00 -1.571019E-10
      9991  1.171781E-07  9.406320E+00  2.017084E-09
      9992  1.990811E-08 -2.036656E+01 -2.444209E-09
      9993  1.488566E-08 -1.944268E+01  3.717401E-09
      9994  1.989393E-08 -2.049182E+01 -3.306845E-09
      9995  1.532054E-08 -1.986002E+01  2.900224E-09
      9996  1.619012E-08 -1.913158E+01  1.659049E-09

 total force (fx,fy,fz) for set SHUTTLE and time  0.6562500E+00

        2.082229E-06 -1.232075E+00 -4.516692E-09

                                INCREMENT     7


 forces (fx,fy,fz) for set SHUTTLE and time  0.8562500E+00

       198 -5.769909E-08  5.979602E+00  6.904641E-09
       199 -7.145947E-08  6.376719E+00  8.291244E-09
       594 -4.611030E-08  2.099790E+00 -8.986042E-09
       595 -4.956708E-08  4.202968E+00 -8.531249E-09
       989  3.567076E-08 -1.142169E+01 -8.555249E-09
       990  9.788837E-10  1.467986E+00 -1.340804E-09
       991  1.748273E-07  7.068589E+00 -4.571528E-08
       992  1.728829E-07  5.135116E+00 -5.293459E-08
       993  5.460450E-08 -1.288774E+01 -1.758239E-08
      2374 -1.078134E-07  8.322387E+00  1.778064E-09
      2375 -1.104028E-07  8.153813E+00  2.388177E-09
      2376  1.181626E-07  8.272506E+00 -1.706273E-09
      2377  1.189862E-07  8.262982E+00 -1.248833E-09
      2378  1.107763E-07  6.928902E+00  3.615759E-09
      2379  1.914899E-08 -7.478869E+00  1.626887E-08
      2380 -1.236561E-07  1.035902E+01 -1.206734E-10
      2381 -1.242305E-07  1.055777E+01  3.257992E-11
      2382  1.139194E-07  7.906443E+00 -1.239802E-09
      2383  1.197377E-07  8.149404E+00 -3.115201E-10
      2384  1.212211E-07  7.535347E+00  2.536907E-09
      2385  1.711339E-09  5.407863E-01  4.114476E-10
      2386  1.514975E-07  7.966344E+00  4.668977E-08
      2387  1.862101E-07  6.851420E+00  5.064124E-08
      2393  4.578478E-09 -1.170309E+01  9.187890E-09
      9972  5.522211E-08 -2.157871E+01  5.334013E-09
      9973  3.111143E-08 -2.247873E+01 -1.842738E-09
      9974  5.844978E-08 -2.143633E+01  3.431636E-09
      9975  3.063259E-08 -2.264112E+01 -4.313345E-09
      9976  3.777569E-08 -2.170712E+01 -8.473726E-09
      9977  2.756192E-09  3.620459E-02  8.788631E-10
      9978  4.314986E-09  4.137191E-02 -1.496217E-09
      9979  3.286042E-07  1.341892E+01 -4.031181E-09
      9980  3.426881E-07  1.146635E+01 -4.202164E-09
      9981  3.978983E-07  1.051667E+01 -8.703638E-09
      9982  3.322608E-07  1.350513E+01 -8.560145E-10
      9983  3.559061E-07  1.093575E+01  8.067622E-11
      9984  4.114278E-07  1.073072E+01 -9.727145E-10
      9985  3.562034E-07  1.134510E+01  3.917092E-09
      9986  4.098990E-07  1.073667E+01  5.933028E-09
      9987  3.624893E-07  1.037838E+01 -4.122449E-09
      9988  3.298496E-07  1.277931E+01 -3.249852E-09
      9989  3.664242E-07  1.018048E+01 -1.570370E-09
      9990  3.386396E-07  1.250747E+01 -1.062244E-10
      9991  3.356928E-07  1.216773E+01  6.068759E-09
      9992  5.784474E-08 -2.690225E+01 -7.178287E-09
      9993  4.427634E-08 -2.568655E+01  1.109924E-08
      9994  5.755429E-08 -2.706594E+01 -9.706486E-09
      9995  4.532499E-08 -2.623457E+01  8.665182E-09
      9996  4.770544E-08 -2.527210E+01  5.106612E-09

 total force (fx,fy,fz) for set SHUTTLE and time  0.8562500E+00

        5.954927E-06 -1.610667E+00 -9.836424E-09

                                INCREMENT     8


 forces (fx,fy,fz) for set SHUTTLE and time  0.1000000E+01

       198 -1.553135E-08  6.887371E+00  1.845762E-09
       199 -1.959087E-08  7.492677E+00  2.258240E-09
       594 -1.225179E-08  2.415593E+00 -2.401776E-09
       595 -1.344366E-08  4.923577E+00 -2.335898E-09
       989  9.625341E-09 -1.310773E+01 -2.293690E-09
       990  2.655476E-10  1.728957E+00 -3.810195E-10
       991  4.717365E-08  8.248432E+00 -1.231848E-08
       992  4.687089E-08  5.922333E+00 -1.437680E-08
       993  1.499495E-08 -1.517178E+01 -4.818788E-09
      2374 -2.884598E-08  9.582179E+00  4.807427E-10
      2375 -2.950964E-08  9.387280E+00  6.238319E-10
      2376  3.190028E-08  9.647681E+00 -4.951667E-10
      2377  3.214665E-08  9.637772E+00 -3.447118E-10
      2378  2.993066E-08  8.104409E+00  9.830747E-10
      2379  5.098477E-09 -8.579924E+00  4.320315E-09
      2380 -3.376029E-08  1.216601E+01 -4.433767E-11
      2381 -3.390719E-08  1.239668E+01  7.906857E-12
      2382  3.083198E-08  9.170281E+00 -2.938228E-10
      2383  3.238552E-08  9.450357E+00 -6.342014E-11
      2384  3.278548E-08  8.730692E+00  6.900418E-10
      2385  4.169956E-10  6.309784E-01  1.153289E-10
      2386  4.085236E-08  9.301472E+00  1.255083E-08
      2387  5.049975E-08  7.962595E+00  1.376950E-08
      2393  1.173436E-09 -1.378163E+01  2.505226E-09
      9972  1.483175E-08 -2.477432E+01  1.381774E-09
      9973  8.107352E-09 -2.581313E+01 -4.765478E-10
      9974  1.566781E-08 -2.461006E+01  8.781927E-10
      9975  7.966459E-09 -2.599942E+01 -1.135493E-09
      9976  9.820764E-09 -2.492818E+01 -2.234647E-09
      9977  7.183687E-10  6.222809E-02  2.405095E-10
      9978  1.137829E-09  6.912295E-02 -4.081359E-10
      9979  8.863245E-08  1.565867E+01 -1.108479E-09
      9980  9.245867E-08  1.341108E+01 -1.164684E-09
      9981  1.077419E-07  1.225068E+01 -2.339803E-09
      9982  8.960199E-08  1.575974E+01 -2.187898E-10
      9983  9.600612E-08  1.279862E+01  1.893359E-11
      9984  1.113549E-07  1.249503E+01 -2.494882E-10
      9985  9.603584E-08  1.327666E+01  1.103238E-09
      9986  1.109030E-07  1.250559E+01  1.622993E-09
      9987  9.826271E-08  1.200820E+01 -1.100353E-09
      9988  8.946069E-08  1.482492E+01 -8.465392E-10
      9989  9.930356E-08  1.177984E+01 -4.372742E-10
      9990  9.183529E-08  1.451073E+01 -7.235348E-12
      9991  9.101880E-08  1.411718E+01  1.656957E-09
      9992  1.578606E-08 -3.167453E+01 -1.981972E-09
      9993  1.223728E-08 -3.024733E+01  3.070930E-09
      9994  1.569817E-08 -3.186577E+01 -2.679727E-09
      9995  1.252197E-08 -3.089024E+01  2.409747E-09
      9996  1.317740E-08 -2.975642E+01  1.443278E-09

 total force (fx,fy,fz) for set SHUTTLE and time  0.1000000E+01

        1.610398E-06 -1.884835E+00 -2.579725E-09
