
                        S T E P       1


                                INCREMENT     1


 forces (fx,fy,fz) for set SHUTTLE and time  0.5000000E-01

       198 -5.861994E-09  2.991460E-01  5.827373E-10
       199 -7.343548E-09  2.845343E-01  2.479099E-10
       594 -6.768449E-09  1.059170E-01 -5.248948E-10
       595 -4.024209E-09  1.906391E-01 -3.486340E-10
       989  3.673646E-09 -5.840165E-01 -5.216219E-10
       990  4.240444E-10  6.528433E-02 -3.050083E-11
       991  9.536138E-09  3.298835E-01 -1.322756E-09
       992  8.389120E-09  2.557545E-01 -1.303811E-09
       993  5.884579E-09 -5.685212E-01 -7.203033E-10
      2374 -1.333025E-08  4.175750E-01  1.600037E-10
      2375 -1.388158E-08  4.093179E-01  2.031320E-10
      2376  6.603139E-09  3.858920E-01 -1.574889E-10
      2377  6.643099E-09  3.850933E-01 -1.016894E-10
      2378  6.410568E-09  3.173900E-01  1.500242E-10
      2379  4.904820E-09 -3.833808E-01  1.370381E-09
      2380 -1.177071E-08  4.634670E-01  2.768395E-11
      2381 -1.169293E-08  4.729963E-01 -1.233972E-10
      2382  4.932129E-09  3.806549E-01 -1.980065E-10
      2383  5.195545E-09  3.926878E-01 -1.256598E-11
      2384  5.002220E-09  3.648796E-01  2.668295E-10
      2385  3.079857E-11  2.614228E-02 -1.050000E-10
      2386  9.126772E-09  3.697469E-01  1.373234E-09
      2387  9.143156E-09  3.271374E-01  1.031984E-09
      2393  7.163343E-10 -5.150847E-01  1.205109E-10
      9972  8.392361E-09 -1.101714E+00  4.952169E-10
      9973  9.007860E-09 -1.146577E+00 -6.688268E-10
      9974  8.973108E-09 -1.094738E+00  5.823068E-10
      9975  9.303783E-09 -1.155107E+00 -6.616574E-10
      9976  1.097328E-08 -1.106884E+00 -5.748299E-10
      9977  4.966140E-10 -1.991437E-03  2.216883E-11
      9978  6.586291E-10 -1.956916E-03 -9.293914E-11
      9979  1.874520E-08  6.251980E-01 -4.266309E-10
      9980  2.006942E-08  5.273360E-01 -7.446572E-10
      9981  1.999368E-08  4.964206E-01 -1.161122E-09
      9982  1.914242E-08  6.291614E-01  5.817123E-11
      9983  2.222869E-08  5.007207E-01 -1.979218E-10
      9984  2.135198E-08  5.075764E-01 -1.636933E-10
      9985  2.253718E-08  5.199110E-01  1.056648E-10
      9986  2.092915E-08  5.071998E-01  8.294695E-10
      9987  1.854494E-08  5.075248E-01 -4.965591E-10
      9988  1.551606E-08  6.158981E-01 -6.573391E-10
      9989  1.864125E-08  4.977172E-01  2.193353E-10
      9990  1.597132E-08  6.022740E-01 -3.824174E-11
      9991  1.532536E-08  5.860898E-01  6.321459E-10
      9992  6.535591E-09 -1.186110E+00 -7.989082E-10
      9993  7.421182E-09 -1.131768E+00  9.179137E-10
      9994  6.439052E-09 -1.193644E+00 -7.175106E-10
      9995  7.521979E-09 -1.156679E+00  9.780864E-10
      9996  7.837250E-09 -1.114137E+00  1.100813E-09

 total force (fx,fy,fz) for set SHUTTLE and time  0.5000000E-01

        3.444998E-07 -7.514234E-02 -1.395785E-09

                                INCREMENT     2


 forces (fx,fy,fz) for set SHUTTLE and time  0.1000000E+00

       198 -6.123499E-14  5.965581E-01  1.520801E-14
       199  1.624909E-14  5.706163E-01  1.547748E-14
       594 -9.195290E-15  2.111231E-01  3.710604E-14
       595 -5.258507E-15  3.820227E-01  1.551415E-14
       989 -2.611585E-14 -1.163360E+00  9.896097E-15
       990 -6.204463E-14  1.308865E-01 -8.444483E-14
       991  1.261785E-13  6.599648E-01 -3.661959E-14
       992  5.229755E-14  5.100737E-01 -1.143570E-15
       993 -2.143072E-14 -1.140799E+00  5.133973E-14
      2374 -3.630764E-14  8.325829E-01 -3.941793E-14
      2375  4.672335E-14  8.160996E-01 -1.527342E-14
      2376  1.910177E-13  7.721514E-01  1.017532E-14
      2377 -8.062094E-14  7.705949E-01  5.111897E-14
      2378  4.048129E-14  6.356861E-01 -4.810824E-14
      2379 -8.696595E-14 -7.635812E-01 -3.522105E-14
      2380  2.837858E-14  9.293361E-01 -2.404007E-15
      2381  2.629878E-14  9.483780E-01  1.172580E-14
      2382 -3.424720E-14  7.604858E-01 -8.624394E-15
      2383  8.788895E-14  7.844986E-01 -8.007481E-15
      2384  2.514856E-14  7.287722E-01 -6.976302E-15
      2385 -1.408678E-13  5.213599E-02 -5.753786E-14
      2386  2.634339E-14  7.399803E-01  1.338872E-14
      2387  7.981555E-14  6.537423E-01  3.602532E-14
      2393  4.716742E-14 -1.033705E+00  6.453574E-14
      9972 -4.943245E-14 -2.194700E+00  5.251580E-14
      9973 -6.168897E-14 -2.284152E+00 -6.670336E-14
      9974  1.209598E-13 -2.180769E+00 -7.048462E-14
      9975  8.808249E-14 -2.301104E+00 -3.770439E-14
      9976 -5.338682E-14 -2.205113E+00  1.044295E-14
      9977 -8.982568E-15 -3.699950E-03  1.454438E-14
      9978  1.308158E-13 -3.610564E-03  6.022480E-14
      9979  1.958856E-13  1.250963E+00  4.819963E-14
      9980  1.740168E-13  1.055810E+00 -2.442380E-14
      9981  1.853884E-13  9.925220E-01  6.569418E-15
      9982  1.160259E-13  1.258894E+00 -4.709079E-14
      9983  1.602394E-13  1.002772E+00  2.288820E-14
      9984  8.930521E-14  1.014733E+00 -6.324791E-14
      9985  9.624403E-15  1.041141E+00  9.921475E-14
      9986  2.544944E-13  1.014028E+00 -2.379388E-14
      9987  2.377151E-14  1.013099E+00 -1.468384E-14
      9988  5.296533E-14  1.230287E+00  9.892187E-15
      9989 -1.636114E-13  9.935321E-01  1.467107E-14
      9990  5.906939E-14  1.203143E+00  2.724089E-14
      9991  7.582200E-14  1.170769E+00 -1.085677E-14
      9992  1.556398E-13 -2.380088E+00  4.390439E-14
      9993  9.358746E-14 -2.271103E+00 -6.121505E-14
      9994 -1.523094E-13 -2.395175E+00  6.333580E-14
      9995 -7.398271E-14 -2.320996E+00  4.563851E-14
      9996  8.105323E-15 -2.235661E+00  4.954569E-14

 total force (fx,fy,fz) for set SHUTTLE and time  0.1000000E+00

        1.660104E-12 -1.502342E-01  1.363568E-13

                                INCREMENT     3


 forces (fx,fy,fz) for set SHUTTLE and time  0.1750000E+00

       198 -3.513756E-13  1.039342E+00  1.180466E-13
       199 -2.782549E-13  1.002562E+00 -2.841669E-14
       594 -1.190105E-13  3.675760E-01  7.251377E-14
       595 -1.027814E-13  6.704310E-01 -3.678353E-14
       989  5.609431E-14 -2.023493E+00 -1.917496E-13
       990 -6.075309E-14  2.298885E-01 -5.102990E-14
       991  2.784466E-13  1.155397E+00  3.167060E-14
       992  3.434867E-13  8.888125E-01 -8.080235E-14
       993  1.951847E-13 -2.006107E+00  9.342660E-14
      2374 -3.610723E-13  1.450178E+00  1.259164E-14
      2375 -1.514783E-13  1.421416E+00  3.118172E-14
      2376  5.217745E-13  1.352118E+00 -1.289570E-13
      2377  1.719108E-13  1.349500E+00 -6.728392E-14
      2378  9.555269E-14  1.114729E+00 -6.720052E-14
      2379 -3.113563E-15 -1.327848E+00  1.347228E-14
      2380 -1.670170E-13  1.632511E+00 -6.155143E-14
      2381 -1.749543E-13  1.665788E+00  8.254922E-14
      2382  8.124948E-14  1.328582E+00 -6.362036E-14
      2383  2.271626E-13  1.370460E+00  9.637129E-14
      2384  1.408073E-13  1.272658E+00 -9.470315E-14
      2385 -1.980752E-13  9.086922E-02 -1.393865E-13
      2386  2.759372E-13  1.296153E+00  6.560185E-14
      2387  3.423536E-13  1.142591E+00  7.630676E-14
      2393  2.066196E-14 -1.818125E+00 -5.859718E-15
      9972  4.160771E-14 -3.817609E+00 -2.543474E-14
      9973 -2.058003E-13 -3.973427E+00  1.247465E-13
      9974  3.151296E-13 -3.793286E+00 -1.323261E-13
      9975 -5.245637E-13 -4.002816E+00  6.502868E-14
      9976  1.624420E-13 -3.836026E+00 -6.419739E-15
      9977 -5.070596E-14 -5.703370E-03  6.196222E-14
      9978  2.134263E-13 -5.493377E-03 -3.456224E-13
      9979  5.681281E-13  2.190526E+00  9.271177E-14
      9980  5.721647E-13  1.850541E+00 -1.323242E-14
      9981  3.669770E-13  1.736007E+00 -9.513191E-14
      9982  2.839099E-13  2.204418E+00 -3.997656E-14
      9983  6.569029E-13  1.758226E+00  3.644966E-14
      9984  1.090463E-13  1.774605E+00  3.312485E-14
      9985  4.273010E-13  1.825343E+00  4.246842E-15
      9986  6.964908E-13  1.773506E+00  2.230382E-13
      9987  5.331718E-13  1.767697E+00  1.056890E-13
      9988  4.396119E-13  2.148913E+00  1.014994E-13
      9989  6.067051E-13  1.733585E+00 -7.909113E-14
      9990  4.337840E-13  2.101678E+00 -7.545292E-14
      9991  4.233262E-13  2.045024E+00  1.075662E-13
      9992  3.092002E-13 -4.185501E+00 -1.578556E-13
      9993  2.681643E-13 -3.994011E+00  5.929500E-14
      9994 -2.870474E-13 -4.211951E+00 -4.760857E-14
      9995  7.450521E-14 -4.081508E+00  1.495783E-13
      9996  2.986098E-13 -3.931516E+00 -1.367736E-16

 total force (fx,fy,fz) for set SHUTTLE and time  0.1750000E+00

        7.515224E-12 -2.627940E-01 -1.769645E-13

                                INCREMENT     4


 forces (fx,fy,fz) for set SHUTTLE and time  0.2875000E+00

       198 -2.148653E-13  1.695780E+00 -4.940618E-15
       199 -5.787811E-14  1.656590E+00 -1.093863E-14
       594  1.044330E-13  5.991392E-01 -1.272034E-13
       595  1.121836E-13  1.105853E+00  1.118370E-13
       989  1.630128E-13 -3.293375E+00 -1.612169E-13
       990  7.996945E-14  3.797466E-01  3.521270E-13
       991  2.056041E-13  1.899067E+00 -9.713604E-17
       992  1.297968E-13  1.450619E+00 -2.358577E-14
       993  5.137221E-14 -3.319112E+00 -7.511837E-14
      2374 -2.617138E-13  2.365214E+00 -7.177975E-14
      2375  3.262777E-13  2.318177E+00 -8.543126E-14
      2376  3.121053E-13  2.223039E+00  5.384728E-14
      2377 -2.985417E-13  2.218990E+00  6.433385E-17
      2378 -2.010238E-13  1.836593E+00  1.678255E-13
      2379  1.856308E-13 -2.160483E+00 -8.608324E-14
      2380 -1.135958E-13  2.696708E+00  1.320456E-13
      2381 -2.176378E-13  2.751255E+00  5.135429E-14
      2382  2.579879E-14  2.176705E+00  3.221003E-14
      2383 -9.297429E-14  2.245130E+00 -6.466738E-14
      2384 -5.006396E-13  2.083793E+00 -1.172956E-13
      2385  3.033093E-13  1.484564E-01  4.470740E-14
      2386 -6.880642E-14  2.131997E+00  7.833445E-14
      2387 -6.523210E-14  1.873313E+00  8.692023E-15
      2393  1.831039E-13 -3.008930E+00 -1.253997E-13
      9972 -8.325928E-14 -6.214132E+00 -2.132489E-13
      9973 -1.649878E-13 -6.468332E+00  3.262345E-13
      9974 -3.708675E-13 -6.174325E+00 -1.825047E-13
      9975  2.598547E-13 -6.515953E+00 -2.816026E-14
      9976  1.821704E-13 -6.244881E+00  9.808935E-14
      9977  3.461899E-13 -7.364151E-03 -2.691159E-13
      9978  3.734042E-13 -6.886555E-03 -1.433421E-13
      9979  1.918893E-13  3.601509E+00  5.463727E-14
      9980 -2.177579E-13  3.046846E+00  4.123711E-14
      9981 -6.423612E-14  2.849536E+00 -4.074731E-13
      9982 -2.106551E-13  3.624364E+00  4.037057E-14
      9983 -1.751101E-13  2.896406E+00  1.468820E-13
      9984  2.899695E-13  2.912265E+00  3.846997E-13
      9985  6.572116E-14  3.006605E+00 -3.778327E-14
      9986  1.735056E-13  2.910809E+00 -1.223892E-13
      9987  3.106576E-13  2.890826E+00 -3.319516E-14
      9988 -9.241741E-14  3.519823E+00 -5.688863E-14
      9989 -1.008938E-13  2.835113E+00  9.207260E-14
      9990  2.247588E-13  3.442867E+00  7.164237E-14
      9991 -4.259235E-15  3.349837E+00 -1.960970E-13
      9992 -4.958048E-15 -6.925203E+00 -1.280298E-13
      9993  1.739719E-13 -6.608793E+00  6.781449E-14
      9994  5.178905E-13 -6.968763E+00  1.876560E-14
      9995 -1.803840E-13 -6.752991E+00 -3.613260E-14
      9996  4.405609E-13 -6.504975E+00 -2.718818E-14

 total force (fx,fy,fz) for set SHUTTLE and time  0.2875000E+00

        1.970447E-12 -4.315265E-01 -4.598159E-13

                                INCREMENT     5


 forces (fx,fy,fz) for set SHUTTLE and time  0.4562500E+00

       198 -7.904274E-11  2.662275E+00  1.031807E-11
       199 -8.795686E-11  2.650552E+00  1.124202E-11
       594 -6.998680E-11  9.392683E-01 -1.331691E-11
       595 -6.821759E-11  1.764658E+00 -1.106978E-11
       989  4.675082E-11 -5.151477E+00 -1.136034E-11
       990  2.562399E-12  6.076028E-01 -8.348955E-13
       991  2.381019E-10  3.015162E+00 -6.380336E-11
       992  2.265678E-10  2.278717E+00 -7.114274E-11
       993  6.553251E-11 -5.320840E+00 -2.198804E-11
      2374 -1.514617E-10  3.711291E+00  3.458730E-12
      2375 -1.614513E-10  3.637188E+00  4.472995E-12
      2376  1.583803E-10  3.530504E+00 -2.712875E-12
      2377  1.641212E-10  3.524650E+00 -1.587266E-12
      2378  1.575252E-10  2.925799E+00  4.697108E-12
      2379  2.868717E-11 -3.377896E+00  2.516421E-11
      2380 -1.592646E-10  4.312853E+00  1.195743E-12
      2381 -1.648249E-10  4.399088E+00  1.585147E-12
      2382  1.495678E-10  3.438832E+00 -3.724065E-12
      2383  1.623396E-10  3.546465E+00 -1.843808E-12
      2384  1.696873E-10  3.288958E+00  2.100040E-12
      2385  2.900570E-12  2.339045E-01  2.064634E-12
      2386  2.157624E-10  3.388447E+00  6.680302E-11
      2387  2.572046E-10  2.963087E+00  6.825752E-11
      2393  7.383661E-12 -4.825525E+00  1.284381E-11
      9972  7.457088E-11 -9.722089E+00  9.376627E-12
      9973  4.685727E-11 -1.012123E+01 -2.380542E-12
      9974  8.354623E-11 -9.659338E+00  6.758757E-12
      9975  4.907657E-11 -1.019529E+01 -5.690108E-12
      9976  6.335798E-11 -9.772104E+00 -1.284429E-11
      9977  4.771666E-12 -6.551168E-03  4.078088E-12
      9978  6.666350E-12 -5.476738E-03  3.121426E-13
      9979  4.517563E-10  5.720241E+00 -8.509483E-12
      9980  4.648488E-10  4.849637E+00 -9.820673E-12
      9981  5.315903E-10  4.515361E+00 -1.761230E-11
      9982  4.682765E-10  5.756596E+00 -4.794864E-12
      9983  4.952489E-10  4.613744E+00 -3.589132E-12
      9984  5.614353E-10  4.613224E+00 -7.472801E-12
      9985  5.083230E-10  4.788494E+00  6.528609E-13
      9986  5.752655E-10  4.611818E+00  2.255175E-12
      9987  4.837243E-10  4.554809E+00 -1.001178E-11
      9988  4.348423E-10  5.559146E+00 -8.696164E-12
      9989  5.007011E-10  4.467209E+00 -5.684649E-12
      9990  4.577769E-10  5.438500E+00 -4.032711E-12
      9991  4.634326E-10  5.291133E+00  4.761537E-12
      9992  7.506142E-11 -1.110255E+01 -9.340769E-12
      9993  5.128651E-11 -1.059636E+01  1.251766E-11
      9994  7.670001E-11 -1.117190E+01 -1.285595E-11
      9995  5.496878E-11 -1.082626E+01  1.054945E-11
      9996  6.123874E-11 -1.042892E+01  5.527843E-12

 total force (fx,fy,fz) for set SHUTTLE and time  0.4562500E+00

        8.156193E-09 -6.846023E-01 -5.572710E-11

                                INCREMENT     6


 forces (fx,fy,fz) for set SHUTTLE and time  0.6562500E+00

       198 -2.035235E-09  3.778110E+00  2.511796E-10
       199 -2.393193E-09  3.846879E+00  2.880166E-10
       594 -1.704516E-09  1.330794E+00 -3.272717E-10
       595 -1.737226E-09  2.552910E+00 -2.912174E-10
       989  1.237265E-09 -7.279313E+00 -3.005847E-10
       990  4.005562E-11  8.824488E-01 -3.418689E-11
       991  6.148727E-09  4.337667E+00 -1.620989E-09
       992  5.984938E-09  3.236643E+00 -1.841777E-09
       993  1.810391E-09 -7.739789E+00 -5.914717E-10
      2374 -3.865573E-09  5.263765E+00  7.068492E-11
      2375 -4.006584E-09  5.158169E+00  9.870859E-11
      2376  4.131705E-09  5.079512E+00 -5.511300E-11
      2377  4.192898E-09  5.072002E+00 -4.281965E-11
      2378  3.932731E-09  4.224549E+00  1.234220E-10
      2379  7.048492E-10 -4.770779E+00  6.043075E-10
      2380 -4.216796E-09  6.256171E+00  8.385727E-12
      2381 -4.276565E-09  6.379578E+00  1.008500E-11
      2382  3.951766E-09  4.917041E+00 -6.421733E-11
      2383  4.193769E-09  5.070092E+00 -2.362228E-11
      2384  4.283939E-09  4.697438E+00  7.941480E-11
      2385  7.654513E-11  3.341822E-01  2.196661E-11
      2386  5.396962E-09  4.879927E+00  1.672069E-09
      2387  6.535538E-09  4.243720E+00  1.760144E-09
      2393  1.804680E-10 -7.022452E+00  3.198372E-10
      9972  1.953039E-09 -1.374186E+01  2.094803E-10
      9973  1.176099E-09 -1.430870E+01 -6.710813E-11
      9974  2.101406E-09 -1.365244E+01  1.431385E-10
      9975  1.177550E-09 -1.441280E+01 -1.534402E-10
      9976  1.471883E-09 -1.381595E+01 -3.134643E-10
      9977  1.068949E-10  9.868167E-05  5.123109E-11
      9978  1.638473E-10  2.181631E-03 -3.242083E-11
      9979  1.159130E-08  8.231937E+00 -1.604953E-10
      9980  1.203677E-08  6.996879E+00 -1.706210E-10
      9981  1.386454E-08  6.481415E+00 -3.504263E-10
      9982  1.180327E-08  8.284394E+00 -5.667434E-11
      9983  1.258789E-08  6.662298E+00 -2.417468E-11
      9984  1.444004E-08  6.619189E+00 -7.858646E-11
      9985  1.270318E-08  6.913480E+00  9.557787E-11
      9986  1.448777E-08  6.618861E+00  1.657306E-10
      9987  1.260569E-08  6.492840E+00 -1.789688E-10
      9988  1.143055E-08  7.947197E+00 -1.492323E-10
      9989  1.283875E-08  6.368295E+00 -7.860205E-11
      9990  1.181307E-08  7.776057E+00 -3.425959E-11
      9991  1.178918E-08  7.564901E+00  1.859182E-10
      9992  1.974721E-09 -1.615171E+01 -2.401061E-10
      9993  1.442384E-09 -1.541730E+01  3.595753E-10
      9994  1.987724E-09 -1.625175E+01 -3.269805E-10
      9995  1.500054E-09 -1.574975E+01  2.839608E-10
      9996  1.596894E-09 -1.517199E+01  1.586291E-10

 total force (fx,fy,fz) for set SHUTTLE and time  0.6562500E+00

        2.092113E-07 -9.849581E-01 -6.473687E-10

                                INCREMENT     7


 forces (fx,fy,fz) for set SHUTTLE and time  0.8562500E+00

       198 -6.644002E-09  4.860231E+00  8.058927E-10
       199 -8.033408E-09  5.060759E+00  9.465230E-10
       594 -5.427364E-09  1.709348E+00 -1.048864E-09
       595 -5.687904E-09  3.347501E+00 -9.666665E-10
       989  4.079438E-09 -9.324811E+00 -9.858931E-10
       990  1.172296E-10  1.162501E+00 -1.367979E-10
       991  2.009806E-08  5.658439E+00 -5.273634E-09
       992  1.974734E-08  4.168167E+00 -6.050046E-09
       993  6.111831E-09 -1.020455E+01 -1.978872E-09
      2374 -1.251486E-08  6.767862E+00  2.145112E-10
      2375 -1.287905E-08  6.631456E+00  2.951481E-10
      2376  1.354905E-08  6.625110E+00 -1.893840E-10
      2377  1.368244E-08  6.616412E+00 -1.452944E-10
      2378  1.277605E-08  5.529146E+00  4.064269E-10
      2379  2.247587E-09 -6.108578E+00  1.913722E-09
      2380 -1.401322E-08  8.225937E+00  2.073999E-12
      2381 -1.413118E-08  8.386031E+00  1.423498E-11
      2382  1.302668E-08  6.373724E+00 -1.694812E-10
      2383  1.374699E-08  6.570935E+00 -4.998454E-11
      2384  1.396163E-08  6.082101E+00  2.824608E-10
      2385  2.248882E-10  4.339444E-01  5.725719E-11
      2386  1.750104E-08  6.371740E+00  5.409773E-09
      2387  2.137535E-08  5.511098E+00  5.785908E-09
      2393  5.580543E-10 -9.262673E+00  1.052028E-09
      9972  6.368520E-09 -1.760948E+01  6.419564E-10
      9973  3.716497E-09 -1.833959E+01 -2.225495E-10
      9974  6.786969E-09 -1.749406E+01  4.220361E-10
      9975  3.684596E-09 -1.847246E+01 -5.058867E-10
      9976  4.564857E-09 -1.770905E+01 -1.002995E-09
      9977  3.320137E-10  1.356307E-02  1.263136E-10
      9978  5.144745E-10  1.697308E-02 -1.441660E-10
      9979  3.782066E-08  1.074076E+01 -4.857754E-10
      9980  3.937304E-08  9.152708E+00 -5.086623E-10
      9981  4.555157E-08  8.436954E+00 -1.056243E-09
      9982  3.834895E-08  1.080945E+01 -1.345037E-10
      9983  4.100269E-08  8.722105E+00 -2.537620E-11
      9984  4.723633E-08  8.612668E+00 -1.708145E-10
      9985  4.117402E-08  9.049684E+00  3.914718E-10
      9986  4.719422E-08  8.614648E+00  6.257896E-10
      9987  4.147299E-08  8.391684E+00 -5.148098E-10
      9988  3.767855E-08  1.030100E+01 -4.196753E-10
      9989  4.204799E-08  8.231163E+00 -2.060018E-10
      9990  3.878178E-08  1.008062E+01 -5.141208E-11
      9991  3.854705E-08  9.806659E+00  6.628460E-10
      9992  6.554144E-09 -2.129798E+01 -8.004823E-10
      9993  4.916101E-09 -2.033237E+01  1.235526E-09
      9994  6.553418E-09 -2.142877E+01 -1.085677E-09
      9995  5.062193E-09 -2.076840E+01  9.690992E-10
      9996  5.353892E-09 -2.000664E+01  5.606299E-10

 total force (fx,fy,fz) for set SHUTTLE and time  0.8562500E+00

        6.841102E-07 -1.286327E+00 -1.508319E-09

                                INCREMENT     8


 forces (fx,fy,fz) for set SHUTTLE and time  0.1000000E+01

       198 -1.797120E-09  5.616432E+00  2.164634E-10
       199 -2.208439E-09  5.942731E+00  2.585005E-10
       594 -1.452594E-09  1.973239E+00 -2.813591E-10
       595 -1.548867E-09  3.921529E+00 -2.655569E-10
       989  1.106017E-09 -1.074352E+01 -2.650389E-10
       990  3.070618E-11  1.366992E+00 -3.789844E-11
       991  5.445660E-09  6.605891E+00 -1.427320E-09
       992  5.377103E-09  4.820976E+00 -1.648547E-09
       993  1.683628E-09 -1.200161E+01 -5.430646E-10
      2374 -3.369575E-09  7.818173E+00  5.801243E-11
      2375 -3.462531E-09  7.660071E+00  7.780861E-11
      2376  3.674353E-09  7.732361E+00 -5.489442E-11
      2377  3.711090E-09  7.723061E+00 -4.108857E-11
      2378  3.467218E-09  6.468923E+00  1.097322E-10
      2379  6.031297E-10 -7.035807E+00  5.107926E-10
      2380 -3.838027E-09  9.655820E+00 -6.265411E-13
      2381 -3.869352E-09  9.841948E+00  4.016276E-12
      2382  3.540885E-09  7.406151E+00 -4.074648E-11
      2383  3.735244E-09  7.634264E+00 -1.028931E-11
      2384  3.791472E-09  7.061421E+00  7.781875E-11
      2385  5.597010E-11  5.056462E-01  1.537560E-11
      2386  4.738173E-09  7.442957E+00  1.460164E-09
      2387  5.817853E-09  6.413099E+00  1.578311E-09
      2393  1.455832E-10 -1.089696E+01  2.877753E-10
      9972  1.722224E-09 -2.029442E+01  1.662215E-10
      9973  9.788316E-10 -2.113918E+01 -5.965685E-11
      9974  1.830586E-09 -2.016079E+01  1.076642E-10
      9975  9.698494E-10 -2.129201E+01 -1.367328E-10
      9976  1.201834E-09 -2.041318E+01 -2.679121E-10
      9977  8.783403E-11  2.778995E-02  3.614437E-11
      9978  1.357266E-10  3.234291E-02 -4.042329E-11
      9979  1.024446E-08  1.254027E+01 -1.335397E-10
      9980  1.066834E-08  1.070588E+01 -1.405738E-10
      9981  1.237995E-08  9.835169E+00 -2.869781E-10
      9982  1.038374E-08  1.262071E+01 -3.524590E-11
      9983  1.110867E-08  1.020782E+01 -6.285162E-12
      9984  1.283306E-08  1.003689E+01 -4.352306E-11
      9985  1.114535E-08  1.059031E+01  1.108629E-10
      9986  1.281482E-08  1.004135E+01  1.731942E-10
      9987  1.128862E-08  9.731148E+00 -1.375373E-10
      9988  1.026036E-08  1.197011E+01 -1.099602E-10
      9989  1.144200E-08  9.545394E+00 -5.689811E-11
      9990  1.055636E-08  1.171505E+01 -1.138612E-11
      9991  1.049198E-08  1.139673E+01  1.829031E-10
      9992  1.793597E-09 -2.505119E+01 -2.205618E-10
      9993  1.362197E-09 -2.391790E+01  3.444042E-10
      9994  1.794041E-09 -2.520409E+01 -2.991245E-10
      9995  1.400966E-09 -2.442901E+01  2.710689E-10
      9996  1.482193E-09 -2.353288E+01  1.598791E-10

 total force (fx,fy,fz) for set SHUTTLE and time  0.1000000E+01

        1.857552E-07 -1.503888E+00 -3.956549E-10
