
                        S T E P       1


                                INCREMENT     1


 forces (fx,fy,fz) for set SHUTTLE and time  0.5000000E-01

       198 -1.087387E-08  3.488358E-01  1.082368E-09
       199 -1.359086E-08  3.321078E-01  4.577133E-10
       594 -1.255743E-08  1.235009E-01 -9.756509E-10
       595 -7.445613E-09  2.224852E-01 -6.440734E-10
       989  6.814288E-09 -6.808990E-01 -9.714405E-10
       990  7.915604E-10  7.619588E-02 -5.646931E-11
       991  1.769274E-08  3.848837E-01 -2.457821E-09
       992  1.551836E-08  2.982411E-01 -2.413550E-09
       993  1.089156E-08 -6.636411E-01 -1.328454E-09
      2374 -2.472969E-08  4.869220E-01  2.970361E-10
      2375 -2.575269E-08  4.772917E-01  3.771999E-10
      2376  1.226272E-08  4.502440E-01 -2.919490E-10
      2377  1.233588E-08  4.493161E-01 -1.889312E-10
      2378  1.190432E-08  3.703773E-01  2.784167E-10
      2379  9.105366E-09 -4.469688E-01  2.546542E-09
      2380 -2.178239E-08  5.409461E-01  5.155046E-11
      2381 -2.163867E-08  5.520620E-01 -2.273038E-10
      2382  9.121470E-09  4.440181E-01 -3.674936E-10
      2383  9.610016E-09  4.580514E-01 -2.374196E-11
      2384  9.252228E-09  4.255977E-01  4.930684E-10
      2385  5.123866E-11  3.048455E-02 -1.946692E-10
      2386  1.693970E-08  4.314193E-01  2.551903E-09
      2387  1.692964E-08  3.816089E-01  1.910293E-09
      2393  1.323695E-09 -6.012770E-01  2.203876E-10
      9972  1.557446E-08 -1.284485E+00  9.186563E-10
      9973  1.670945E-08 -1.336799E+00 -1.240764E-09
      9974  1.665170E-08 -1.276350E+00  1.080761E-09
      9975  1.725853E-08 -1.346740E+00 -1.227125E-09
      9976  2.035376E-08 -1.290524E+00 -1.065335E-09
      9977  9.208455E-10 -2.296178E-03  4.141146E-11
      9978  1.220928E-09 -2.253939E-03 -1.721067E-10
      9979  3.478533E-08  7.294538E-01 -7.909604E-10
      9980  3.724883E-08  6.153368E-01 -1.381180E-09
      9981  3.706194E-08  5.791266E-01 -2.152002E-09
      9982  3.552222E-08  7.340782E-01  1.074240E-10
      9983  4.125449E-08  5.843044E-01 -3.670336E-10
      9984  3.957890E-08  5.921320E-01 -3.037389E-10
      9985  4.182929E-08  6.066918E-01  1.948217E-10
      9986  3.879598E-08  5.916972E-01  1.536936E-09
      9987  3.432266E-08  5.919233E-01 -9.194322E-10
      9988  2.872437E-08  7.184020E-01 -1.217867E-09
      9989  3.450187E-08  5.804858E-01  4.061345E-10
      9990  2.956817E-08  7.025173E-01 -7.145014E-11
      9991  2.837189E-08  6.836351E-01  1.169650E-09
      9992  1.209499E-08 -1.384562E+00 -1.476747E-09
      9993  1.372577E-08 -1.321134E+00  1.698718E-09
      9994  1.191569E-08 -1.393354E+00 -1.326981E-09
      9995  1.391152E-08 -1.350203E+00  1.808897E-09
      9996  1.449489E-08 -1.300547E+00  2.034548E-09

 total force (fx,fy,fz) for set SHUTTLE and time  0.5000000E-01

        6.385721E-07 -8.766010E-02 -2.589835E-09

                                INCREMENT     2


 forces (fx,fy,fz) for set SHUTTLE and time  0.1000000E+00

       198 -9.774414E-14  6.953034E-01 -9.626662E-15
       199  4.009869E-14  6.663144E-01  2.259974E-14
       594 -1.494948E-14  2.460319E-01 -3.677256E-14
       595 -1.017598E-13  4.459776E-01 -1.532393E-14
       989  5.033025E-14 -1.355426E+00 -7.921881E-14
       990  9.466442E-14  1.528247E-01 -8.964841E-15
       991  1.254853E-13  7.700309E-01 -4.570393E-14
       992  1.068459E-13  5.945238E-01 -7.265949E-14
       993 -8.860739E-14 -1.332381E+00  2.347792E-14
      2374 -8.109397E-14  9.703399E-01  4.067436E-14
      2375 -6.099012E-14  9.511216E-01  5.942972E-14
      2376  3.182176E-13  9.009772E-01  1.772855E-14
      2377  2.068402E-13  8.991770E-01 -4.385901E-14
      2378 -1.487002E-13  7.419781E-01  4.790925E-14
      2379  2.129466E-15 -8.896020E-01  2.847328E-14
      2380 -1.195074E-13  1.085149E+00  8.396797E-14
      2381 -3.344753E-14  1.107358E+00 -2.294432E-14
      2382 -8.217170E-14  8.869044E-01 -3.669421E-14
      2383  1.490175E-13  9.148983E-01 -4.903915E-14
      2384  1.222751E-13  8.498420E-01  1.805562E-14
      2385 -1.628059E-13  6.076919E-02  6.486392E-15
      2386  2.321508E-13  8.634923E-01  5.932498E-14
      2387  2.344347E-13  7.624873E-01  4.541093E-14
      2393  5.758642E-14 -1.207353E+00  3.506935E-14
      9972 -7.354981E-14 -2.557072E+00  7.746504E-14
      9973 -7.410182E-14 -2.661326E+00  4.252520E-15
      9974  2.152286E-14 -2.540828E+00  7.660854E-14
      9975 -2.488298E-14 -2.681062E+00  8.267253E-17
      9976  9.521044E-14 -2.569249E+00 -1.663422E-13
      9977 -9.418056E-14 -4.204284E-03 -2.818583E-13
      9978 -1.610356E-14 -4.092080E-03 -8.016086E-14
      9979  3.403988E-13  1.459665E+00  6.931180E-15
      9980  1.740170E-13  1.232212E+00  3.724757E-14
      9981  5.271067E-13  1.157812E+00  1.244911E-13
      9982  2.994243E-13  1.468920E+00  3.191353E-14
      9983  3.329391E-13  1.170409E+00 -5.099349E-14
      9984  1.966385E-13  1.183685E+00  1.746344E-13
      9985  4.130636E-13  1.215168E+00 -3.192904E-14
      9986  5.118544E-13  1.182883E+00  4.419883E-14
      9987  3.662782E-13  1.181181E+00 -1.535438E-14
      9988  4.590455E-13  1.434738E+00 -1.927794E-14
      9989  3.168241E-13  1.158373E+00  6.712696E-15
      9990  3.622811E-13  1.403109E+00  7.659119E-14
      9991  3.575324E-13  1.365339E+00  1.962395E-14
      9992  3.026109E-13 -2.779804E+00  6.612417E-15
      9993  1.423457E-14 -2.652541E+00 -8.352552E-15
      9994  7.423295E-14 -2.797413E+00 -1.488048E-13
      9995  7.398783E-14 -2.710776E+00 -2.521834E-15
      9996 -5.730191E-14 -2.611121E+00  9.647323E-15

 total force (fx,fy,fz) for set SHUTTLE and time  0.1000000E+00

        5.647381E-12 -1.752546E-01 -4.078113E-14

                                INCREMENT     3


 forces (fx,fy,fz) for set SHUTTLE and time  0.1750000E+00

       198 -2.178341E-13  1.210433E+00  7.630878E-14
       199 -2.840245E-13  1.171433E+00  7.177880E-14
       594 -1.296270E-13  4.279732E-01  1.450155E-13
       595  3.828966E-14  7.830041E-01  8.298306E-14
       989 -6.579545E-14 -2.355079E+00  9.103372E-14
       990  2.449301E-14  2.685841E-01 -6.599533E-14
       991  3.530762E-13  1.348149E+00 -1.025989E-13
       992  6.905009E-13  1.035199E+00 -1.028731E-13
       993  2.229537E-13 -2.344806E+00  4.726967E-14
      2374 -4.744957E-13  1.688732E+00 -3.936272E-14
      2375 -2.404108E-13  1.655215E+00  1.143821E-13
      2376  4.902509E-13  1.577817E+00 -7.244120E-14
      2377  4.433388E-13  1.574810E+00 -1.175230E-14
      2378  4.077575E-13  1.301514E+00 -2.396260E-13
      2379  1.454305E-13 -1.545312E+00  1.347305E-13
      2380 -6.733597E-14  1.907347E+00  6.620335E-15
      2381 -2.082764E-13  1.946149E+00  6.924401E-14
      2382  3.313945E-13  1.548944E+00 -7.766776E-14
      2383  5.967709E-13  1.597735E+00 -8.700567E-14
      2384  4.982168E-13  1.483508E+00 -2.971192E-14
      2385  1.977609E-13  1.058550E-01  7.529921E-14
      2386  2.807114E-13  1.512684E+00  8.086081E-14
      2387  2.192623E-13  1.332340E+00  2.278871E-14
      2393 -2.168756E-14 -2.125241E+00  5.439790E-14
      9972  1.281947E-13 -4.443317E+00 -4.834278E-14
      9973  8.611110E-14 -4.624776E+00  6.743476E-14
      9974  5.958781E-14 -4.414967E+00 -4.031671E-14
      9975  2.343422E-13 -4.658941E+00 -5.472457E-14
      9976 -1.071581E-13 -4.464893E+00 -7.816266E-14
      9977  1.521064E-13 -6.293132E-03 -1.307576E-13
      9978 -6.031641E-14 -6.023766E-03  3.123630E-13
      9979  8.647754E-13  2.556170E+00  8.876062E-14
      9980  7.014230E-13  2.160226E+00 -2.262313E-14
      9981  1.185488E-12  2.024905E+00 -1.087491E-13
      9982  7.338818E-13  2.572383E+00  1.170842E-13
      9983  9.522745E-13  2.052751E+00 -3.404986E-14
      9984  1.327670E-12  2.069812E+00 -1.375275E-13
      9985  9.158768E-13  2.131042E+00  5.492483E-14
      9986  7.015725E-13  2.068592E+00  1.375935E-14
      9987  7.693236E-13  2.059904E+00  5.648186E-14
      9988  1.048482E-12  2.505163E+00  8.303376E-14
      9989  6.712858E-13  2.020166E+00 -2.108407E-13
      9990  8.625596E-13  2.450175E+00  1.995404E-13
      9991  7.679103E-13  2.384083E+00  8.014705E-14
      9992 -1.025586E-13 -4.892203E+00  1.262243E-13
      9993 -4.848645E-14 -4.668457E+00 -9.913464E-14
      9994 -2.855881E-13 -4.923081E+00 -2.137158E-14
      9995 -1.688225E-13 -4.770620E+00  9.847871E-14
      9996 -2.663514E-14 -4.595334E+00 -1.240468E-13

 total force (fx,fy,fz) for set SHUTTLE and time  0.1750000E+00

        1.459402E-11 -3.065485E-01  4.312635E-13

                                INCREMENT     4


 forces (fx,fy,fz) for set SHUTTLE and time  0.2875000E+00

       198 -7.814655E-13  1.972472E+00  4.126825E-14
       199 -5.346034E-13  1.937296E+00  1.967377E-13
       594 -7.188156E-13  6.966100E-01 -2.045557E-13
       595 -4.887018E-13  1.292265E+00 -1.256125E-13
       989  3.468728E-13 -3.826735E+00 -1.168921E-13
       990  2.844133E-13  4.440712E-01  2.670791E-13
       991  2.059977E-12  2.215943E+00 -6.397907E-13
       992  1.775643E-12  1.687563E+00 -1.001925E-12
       993  5.558244E-13 -3.883664E+00 -1.823269E-13
      2374 -1.452542E-12  2.750712E+00  1.858007E-13
      2375 -1.659719E-12  2.695946E+00 -1.476223E-14
      2376  1.482743E-12  2.594223E+00 -9.272106E-14
      2377  1.591660E-12  2.589621E+00 -2.109067E-13
      2378  1.585266E-12  2.145148E+00  1.963574E-13
      2379  4.124752E-13 -2.510045E+00  1.457990E-13
      2380 -1.108600E-12  3.153269E+00 -1.761705E-13
      2381 -1.475673E-12  3.216841E+00 -2.138330E-13
      2382  1.249439E-12  2.536368E+00 -9.651537E-14
      2383  1.678246E-12  2.616004E+00 -1.123886E-13
      2384  2.264897E-12  2.427460E+00  8.690439E-14
      2385  1.547429E-13  1.728211E-01  2.002660E-13
      2386  2.431569E-12  2.488488E+00  8.032539E-13
      2387  2.453410E-12  2.183556E+00  7.106754E-13
      2393 -4.613018E-14 -3.521131E+00  2.626517E-13
      9972  4.398041E-13 -7.220896E+00  2.935019E-13
      9973  6.273564E-13 -7.516575E+00 -6.208628E-13
      9974  5.147607E-13 -7.174537E+00  4.122118E-13
      9975  2.666770E-13 -7.571810E+00  1.039425E-13
      9976  1.147494E-12 -7.257021E+00 -4.283351E-13
      9977 -5.283955E-13 -7.551378E-03  1.436005E-13
      9978  9.913952E-14 -6.928135E-03  3.119855E-14
      9979  4.336126E-12  4.202926E+00 -7.189534E-14
      9980  4.277901E-12  3.557795E+00 -1.090281E-13
      9981  5.260941E-12  3.323129E+00 -7.391761E-13
      9982  4.858488E-12  4.229608E+00 -1.441659E-13
      9983  5.159973E-12  3.382882E+00 -2.425234E-13
      9984  5.391135E-12  3.395965E+00 -3.883074E-13
      9985  5.898861E-12  3.511418E+00 -1.677306E-13
      9986  6.488057E-12  3.394449E+00 -2.783945E-13
      9987  4.065753E-12  3.365894E+00 -7.271610E-14
      9988  3.764534E-12  4.101035E+00 -3.365871E-14
      9989  4.444845E-12  3.301062E+00  2.093002E-13
      9990  4.668862E-12  4.011568E+00  5.442675E-14
      9991  4.652951E-12  3.903073E+00 -3.141713E-13
      9992  1.021957E-12 -8.103276E+00 -1.878785E-13
      9993  4.932861E-13 -7.733259E+00  7.730497E-14
      9994  1.159882E-12 -8.154145E+00  1.603541E-13
      9995  4.490600E-13 -7.901713E+00 -1.050201E-13
      9996  2.080747E-13 -7.611572E+00 -9.231996E-14

 total force (fx,fy,fz) for set SHUTTLE and time  0.2875000E+00

        8.122845E-11 -5.033785E-01 -2.601950E-12

                                INCREMENT     5


 forces (fx,fy,fz) for set SHUTTLE and time  0.4562500E+00

       198 -5.225564E-10  3.090399E+00  6.608230E-11
       199 -5.990425E-10  3.103183E+00  7.435802E-11
       594 -4.491814E-10  1.089633E+00 -8.600380E-11
       595 -4.477227E-10  2.063495E+00 -7.416988E-11
       989  3.138898E-10 -5.970101E+00 -7.616942E-11
       990  1.228450E-11  7.114879E-01 -6.293428E-12
       991  1.578886E-09  3.518100E+00 -4.189965E-10
       992  1.520934E-09  2.645983E+00 -4.726773E-10
       993  4.504407E-10 -6.234832E+00 -1.486931E-10
      2374 -9.985129E-10  4.307138E+00  2.005047E-11
      2375 -1.046435E-09  4.220984E+00  2.767507E-11
      2376  1.056775E-09  4.119668E+00 -1.409497E-11
      2377  1.081253E-09  4.113126E+00 -1.001746E-11
      2378  1.022597E-09  3.418729E+00  3.177068E-11
      2379  1.859131E-10 -3.913922E+00  1.605605E-10
      2380 -1.068235E-09  5.048347E+00  5.070104E-12
      2381 -1.092958E-09  5.148768E+00  4.970651E-12
      2382  1.003534E-09  4.003241E+00 -2.039856E-11
      2383  1.075290E-09  4.128283E+00 -9.323639E-12
      2384  1.108031E-09  3.827133E+00  1.753704E-11
      2385  2.195848E-11  2.721288E-01  7.102363E-12
      2386  1.403409E-09  3.955334E+00  4.349569E-10
      2387  1.685273E-09  3.451466E+00  4.514277E-10
      2393  4.823709E-11 -5.655419E+00  8.227982E-11
      9972  5.001985E-10 -1.126821E+01  5.758794E-11
      9973  3.073985E-10 -1.173164E+01 -1.609323E-11
      9974  5.468291E-10 -1.119525E+01  4.095560E-11
      9975  3.126029E-10 -1.181728E+01 -3.805784E-11
      9976  3.970077E-10 -1.132722E+01 -8.156858E-11
      9977  2.916810E-11 -4.783935E-03  1.802610E-11
      9978  4.493079E-11 -3.364252E-03 -2.976539E-12
      9979  2.984845E-09  6.675315E+00 -4.730134E-11
      9980  3.087187E-09  5.664832E+00 -5.152592E-11
      9981  3.543327E-09  5.264008E+00 -1.015635E-10
      9982  3.059550E-09  6.717779E+00 -2.078075E-11
      9983  3.251554E-09  5.391093E+00 -1.308810E-11
      9984  3.714794E-09  5.377272E+00 -3.148472E-11
      9985  3.304386E-09  5.594910E+00  1.616650E-11
      9986  3.749936E-09  5.376139E+00  3.329173E-11
      9987  3.217913E-09  5.296140E+00 -5.478438E-11
      9988  2.910667E-09  6.470952E+00 -4.584310E-11
      9989  3.300888E-09  5.194383E+00 -2.737117E-11
      9990  3.026980E-09  6.330950E+00 -1.564842E-11
      9991  3.041640E-09  6.159235E+00  4.131999E-11
      9992  5.005765E-10 -1.301020E+01 -6.142629E-11
      9993  3.561431E-10 -1.241763E+01  8.728377E-11
      9994  5.104599E-10 -1.309121E+01 -8.353780E-11
      9995  3.765259E-10 -1.268640E+01  6.980638E-11
      9996  4.048195E-10 -1.222089E+01  3.766868E-11

 total force (fx,fy,fz) for set SHUTTLE and time  0.4562500E+00

        5.382439E-08 -7.987182E-01 -2.439413E-10

                                INCREMENT     6


 forces (fx,fy,fz) for set SHUTTLE and time  0.6562500E+00

       198 -1.014430E-08  4.374164E+00  1.238980E-09
       199 -1.211941E-08  4.508699E+00  1.438301E-09
       594 -8.356989E-09  1.539446E+00 -1.612980E-09
       595 -8.651804E-09  2.986782E+00 -1.461673E-09
       989  6.212320E-09 -8.408233E+00 -1.503347E-09
       990  1.861812E-10  1.034958E+00 -1.966615E-10
       991  3.065577E-08  5.060271E+00 -8.054758E-09
       992  2.999877E-08  3.749393E+00 -9.200593E-09
       993  9.204784E-09 -9.082346E+00 -2.990979E-09
      2374 -1.917146E-08  6.092421E+00  3.312545E-10
      2375 -1.976271E-08  5.969888E+00  4.625519E-10
      2376  2.065098E-08  5.925364E+00 -2.735675E-10
      2377  2.086576E-08  5.917150E+00 -2.118580E-10
      2378  1.949936E-08  4.937452E+00  6.245296E-10
      2379  3.456578E-09 -5.509255E+00  2.957533E-09
      2380 -2.121234E-08  7.330366E+00  1.348016E-11
      2381 -2.141193E-08  7.473900E+00  2.887277E-11
      2382  1.980335E-08  5.716482E+00 -2.853844E-10
      2383  2.092687E-08  5.893846E+00 -9.689158E-11
      2384  2.127725E-08  5.457769E+00  4.164467E-10
      2385  3.574377E-10  3.887667E-01  8.893732E-11
      2386  2.674461E-08  5.695865E+00  8.280152E-09
      2387  3.253195E-08  4.938547E+00  8.790990E-09
      2393  8.724606E-10 -8.242507E+00  1.592685E-09
      9972  9.727809E-09 -1.587594E+01  1.013969E-09
      9973  5.762282E-09 -1.653262E+01 -3.345053E-10
      9974  1.039648E-08 -1.577222E+01  6.760737E-10
      9975  5.725671E-09 -1.665260E+01 -7.686501E-10
      9976  7.108815E-09 -1.596380E+01 -1.538674E-09
      9977  5.168862E-10  6.577245E-03  2.070744E-10
      9978  7.945434E-10  9.347227E-03 -2.074699E-10
      9979  5.771922E-08  9.604534E+00 -7.464153E-10
      9980  6.005104E-08  8.174974E+00 -7.826590E-10
      9981  6.932455E-08  7.552252E+00 -1.640676E-09
      9982  5.857171E-08  9.665848E+00 -2.202766E-10
      9983  6.259288E-08  7.787561E+00 -5.140851E-11
      9984  7.195613E-08  7.711024E+00 -2.886531E-10
      9985  6.291636E-08  8.080524E+00  5.669600E-10
      9986  7.195232E-08  7.711798E+00  9.254065E-10
      9987  6.304828E-08  7.536261E+00 -8.124112E-10
      9988  5.725696E-08  9.238856E+00 -6.671455E-10
      9989  6.398272E-08  7.391918E+00 -3.290743E-10
      9990  5.897787E-08  9.040643E+00 -1.021337E-10
      9991  5.866874E-08  8.794998E+00  9.883459E-10
      9992  9.927095E-09 -1.895469E+01 -1.216275E-09
      9993  7.373874E-09 -1.809417E+01  1.839793E-09
      9994  9.935615E-09 -1.907154E+01 -1.645257E-09
      9995  7.607341E-09 -1.848314E+01  1.439925E-09
      9996  8.052947E-09 -1.780519E+01  8.172390E-10

 total force (fx,fy,fz) for set SHUTTLE and time  0.6562500E+00

        1.042362E-06 -1.149607E+00 -2.500878E-09

                                INCREMENT     7


 forces (fx,fy,fz) for set SHUTTLE and time  0.8562500E+00

       198 -3.002254E-08  5.611018E+00  3.607030E-09
       199 -3.689781E-08  5.936314E+00  4.300809E-09
       594 -2.415461E-08  1.971352E+00 -4.693893E-09
       595 -2.575413E-08  3.917363E+00 -4.414719E-09
       989  1.852161E-08 -1.073340E+01 -4.453395E-09
       990  5.129461E-10  1.365501E+00 -6.746218E-10
       991  9.091364E-08  6.599032E+00 -2.379658E-08
       992  8.972671E-08  4.816297E+00 -2.747114E-08
       993  2.815729E-08 -1.198852E+01 -9.080919E-09
      2374 -5.624559E-08  7.810656E+00  9.363492E-10
      2375 -5.767384E-08  7.652710E+00  1.269196E-09
      2376  6.140433E-08  7.724351E+00 -8.742984E-10
      2377  6.187235E-08  7.715055E+00 -6.508082E-10
      2378  5.764391E-08  6.462110E+00  1.866703E-09
      2379  1.002119E-08 -7.029192E+00  8.520177E-09
      2380 -6.400675E-08  9.645421E+00 -4.157617E-11
      2381 -6.436614E-08  9.831361E+00  2.918629E-11
      2382  5.914706E-08  7.398716E+00 -6.826025E-10
      2383  6.223483E-08  7.626608E+00 -1.824072E-10
      2384  6.305788E-08  7.054375E+00  1.308101E-09
      2385  9.306445E-10  5.051260E-01  2.237685E-10
      2386  7.887998E-08  7.435200E+00  2.433556E-08
      2387  9.676017E-08  6.406591E+00  2.627650E-08
      2393  2.429133E-09 -1.088505E+01  4.768671E-09
      9972  2.875245E-08 -2.027525E+01  2.814221E-09
      9973  1.638520E-08 -2.111919E+01 -9.735697E-10
      9974  3.049148E-08 -2.014175E+01  1.824465E-09
      9975  1.616633E-08 -2.127187E+01 -2.259267E-09
      9976  1.996382E-08 -2.039387E+01 -4.448810E-09
      9977  1.456088E-09  2.767259E-02  4.874115E-10
      9978  2.272426E-09  3.221670E-02 -7.446435E-10
      9979  1.709358E-07  1.252725E+01 -2.118309E-09
      9980  1.781773E-07  1.069462E+01 -2.209721E-09
      9981  2.066397E-07  9.825061E+00 -4.592989E-09
      9982  1.729630E-07  1.260760E+01 -4.890449E-10
      9983  1.851789E-07  1.019704E+01  2.269450E-12
      9984  2.138265E-07  1.002660E+01 -5.768308E-10
      9985  1.854974E-07  1.057914E+01  1.961643E-09
      9986  2.131944E-07  1.003104E+01  3.016922E-09
      9987  1.882126E-07  9.721521E+00 -2.192302E-09
      9988  1.711858E-07  1.195809E+01 -1.748232E-09
      9989  1.904013E-07  9.535947E+00 -8.429146E-10
      9990  1.758626E-07  1.170327E+01 -1.031987E-10
      9991  1.744535E-07  1.138527E+01  3.113812E-09
      9992  2.993971E-08 -2.502385E+01 -3.696509E-09
      9993  2.277491E-08 -2.389177E+01  5.713283E-09
      9994  2.982847E-08 -2.517658E+01 -5.002321E-09
      9995  2.335147E-08 -2.440233E+01  4.463167E-09
      9996  2.460694E-08 -2.350719E+01  2.614701E-09

 total force (fx,fy,fz) for set SHUTTLE and time  0.8562500E+00

        3.095610E-06 -1.502308E+00 -5.561671E-09

                                INCREMENT     8


 forces (fx,fy,fz) for set SHUTTLE and time  0.1000000E+01

       198 -8.074357E-09  6.470029E+00  9.636029E-10
       199 -1.009827E-08  6.973963E+00  1.169448E-09
       594 -6.416596E-09  2.270496E+00 -1.253297E-09
       595 -6.976014E-09  4.589180E+00 -1.206657E-09
       989  4.994520E-09 -1.233421E+01 -1.193422E-09
       990  1.380976E-10  1.607415E+00 -1.901342E-10
       991  2.450146E-08  7.701754E+00 -6.405572E-09
       992  2.429628E-08  5.560041E+00 -7.449388E-09
       993  7.718261E-09 -1.410916E+01 -2.483209E-09
      2374 -1.503910E-08  9.003086E+00  2.530454E-10
      2375 -1.540732E-08  8.820317E+00  3.315026E-10
      2376  1.655953E-08  9.010909E+00 -2.536414E-10
      2377  1.669457E-08  9.001147E+00 -1.804873E-10
      2378  1.555530E-08  7.559310E+00  5.059011E-10
      2379  2.668039E-09 -8.074860E+00  2.260811E-09
      2380 -1.744710E-08  1.132631E+01 -1.716305E-11
      2381 -1.754218E-08  1.154224E+01  7.050772E-12
      2382  1.599028E-08  8.586824E+00 -1.630217E-10
      2383  1.681432E-08  8.849837E+00 -3.690917E-11
      2384  1.703513E-08  8.179194E+00  3.565562E-10
      2385  2.287044E-10  5.890671E-01  6.275118E-11
      2386  2.124389E-08  8.682764E+00  6.534114E-09
      2387  2.620375E-08  7.448900E+00  7.133607E-09
      2393  6.252896E-10 -1.281450E+01  1.298317E-09
      9972  7.716007E-09 -2.330773E+01  7.288894E-10
      9973  4.271863E-09 -2.428261E+01 -2.529947E-10
      9974  8.168740E-09 -2.315353E+01  4.659946E-10
      9975  4.210066E-09 -2.445791E+01 -5.973315E-10
      9976  5.199247E-09 -2.344965E+01 -1.175605E-09
      9977  3.797998E-10  4.933920E-02  1.314878E-10
      9978  5.998158E-10  5.540537E-02 -2.040664E-10
      9979  4.604993E-08  1.462104E+01 -5.807497E-10
      9980  4.801751E-08  1.250901E+01 -6.099094E-10
      9981  5.587619E-08  1.144789E+01 -1.232873E-09
      9982  4.658725E-08  1.471520E+01 -1.262511E-10
      9983  4.989298E-08  1.193428E+01 -4.732966E-13
      9984  5.779219E-08  1.167841E+01 -1.479230E-10
      9985  4.995128E-08  1.238046E+01  5.507361E-10
      9986  5.760329E-08  1.168668E+01  8.240924E-10
      9987  5.095453E-08  1.125671E+01 -5.836819E-10
      9988  4.636734E-08  1.388027E+01 -4.546640E-10
      9989  5.153535E-08  1.104237E+01 -2.333043E-10
      9990  4.762892E-08  1.358563E+01 -1.650266E-11
      9991  4.723784E-08  1.321687E+01  8.496359E-10
      9992  8.159647E-09 -2.945409E+01 -1.016627E-09
      9993  6.282797E-09 -2.812513E+01  1.578583E-09
      9994  8.126307E-09 -2.963257E+01 -1.376387E-09
      9995  6.438329E-09 -2.872394E+01  1.240194E-09
      9996  6.785422E-09 -2.766990E+01  7.390452E-10

 total force (fx,fy,fz) for set SHUTTLE and time  0.1000000E+01

        8.360991E-07 -1.757438E+00 -1.456879E-09
