
                        S T E P       1


                                INCREMENT     1


 forces (fx,fy,fz) for set SHUTTLE and time  0.5000000E-01

       198 -4.496631E-12  4.997662E-02  4.463560E-13
       199 -5.693050E-12  4.731357E-02  1.926875E-13
       594 -5.184655E-12  1.770180E-02 -3.997881E-13
       595 -3.125199E-12  3.172037E-02 -2.751751E-13
       989  2.822420E-12 -9.765848E-02 -3.856065E-13
       990  3.153341E-13  1.085872E-02 -2.721146E-14
       991  7.302844E-12  5.496584E-02 -1.007895E-12
       992  6.515499E-12  4.272459E-02 -1.007910E-12
       993  4.571669E-12 -9.449012E-02 -5.696519E-13
      2374 -1.021265E-11  6.977229E-02  1.194844E-13
      2375 -1.063689E-11  6.839400E-02  1.550030E-13
      2376  5.030005E-12  6.428789E-02 -1.206804E-13
      2377  5.064471E-12  6.415187E-02 -7.620626E-14
      2378  4.878441E-12  5.283367E-02  1.151400E-13
      2379  3.749591E-12 -6.411646E-02  1.040599E-12
      2380 -9.128577E-12  7.707544E-02  2.439039E-14
      2381 -9.070604E-12  7.866474E-02 -9.847490E-14
      2382  3.835151E-12  6.349786E-02 -1.517284E-13
      2383  4.028935E-12  6.550692E-02 -9.863607E-15
      2384  3.880365E-12  6.088000E-02  2.094868E-13
      2385  3.598268E-14  4.367809E-03 -7.762871E-14
      2386  6.981235E-12  6.158916E-02  1.044207E-12
      2387  7.073985E-12  5.455893E-02  8.027819E-13
      2393  5.631346E-13 -8.559955E-02  9.635906E-14
      9972  6.416964E-12 -1.842214E-01  3.874403E-13
      9973  6.916634E-12 -1.917178E-01 -5.201703E-13
      9974  6.867969E-12 -1.830577E-01  4.494889E-13
      9975  7.147587E-12 -1.931469E-01 -5.121636E-13
      9976  8.432072E-12 -1.850781E-01 -4.486951E-13
      9977  3.966400E-13 -3.509956E-04  3.798128E-15
      9978  5.012088E-13 -3.466457E-04 -8.963032E-14
      9979  1.434789E-11  1.041578E-01 -3.290239E-13
      9980  1.535031E-11  8.780838E-02 -5.776650E-13
      9981  1.538062E-11  8.275784E-02 -8.833707E-13
      9982  1.464512E-11  1.048181E-01  4.832453E-14
      9983  1.702206E-11  8.335903E-02 -1.513749E-13
      9984  1.642523E-11  8.462409E-02 -1.099207E-13
      9985  1.724739E-11  8.655828E-02  8.244618E-14
      9986  1.611081E-11  8.455806E-02  6.414159E-13
      9987  1.437126E-11  8.472113E-02 -3.873735E-13
      9988  1.201452E-11  1.027523E-01 -5.050368E-13
      9989  1.445561E-11  8.308323E-02  1.724915E-13
      9990  1.236992E-11  1.004743E-01 -2.813067E-14
      9991  1.187044E-11  9.777755E-02  4.900346E-13
      9992  5.070794E-12 -1.971337E-01 -6.242159E-13
      9993  5.781069E-12 -1.880978E-01  7.162509E-13
      9994  4.997045E-12 -1.983880E-01 -5.528080E-13
      9995  5.859927E-12 -1.922446E-01  7.566915E-13
      9996  6.097775E-12 -1.851719E-01  8.580495E-13

 total force (fx,fy,fz) for set SHUTTLE and time  0.5000000E-01

        2.651977E-10 -1.252793E-02 -1.074473E-12

                                INCREMENT     2


 forces (fx,fy,fz) for set SHUTTLE and time  0.1000000E+00

       198 -6.973850E-15  9.990593E-02  8.332288E-15
       199  1.003448E-16  9.467090E-02 -3.522109E-15
       594  3.804409E-15  3.538409E-02 -2.563050E-15
       595  7.650589E-15  6.346206E-02  6.072679E-15
       989  2.015787E-15 -1.951884E-01 -8.969538E-15
       990 -6.854204E-16  2.172624E-02  1.010351E-14
       991  1.017940E-14  1.099378E-01 -1.901787E-15
       992 -7.010153E-15  8.540980E-02 -7.954468E-15
       993 -1.009028E-14 -1.890861E-01 -7.549071E-15
      2374  1.475276E-14  1.394743E-01  1.333581E-14
      2375 -5.336004E-15  1.367186E-01 -6.839159E-16
      2376  2.795422E-15  1.285871E-01 -1.056580E-14
      2377 -9.221257E-15  1.283162E-01 -2.517086E-15
      2378  8.645834E-16  1.056935E-01  8.808014E-15
      2379 -2.292070E-16 -1.281453E-01 -6.823085E-15
      2380 -3.054075E-16  1.542189E-01 -7.357959E-15
      2381  4.317992E-15  1.573971E-01  8.313353E-17
      2382 -1.825334E-15  1.269739E-01  6.942084E-15
      2383 -5.650600E-15  1.309906E-01  8.338210E-16
      2384 -1.113853E-14  1.217336E-01 -1.582677E-15
      2385  2.533870E-14  8.731257E-03  2.051239E-14
      2386 -1.870681E-14  1.231927E-01 -1.845231E-15
      2387 -4.065055E-16  1.091036E-01 -4.513188E-15
      2393  8.432525E-15 -1.712987E-01 -2.761419E-15
      9972 -3.331441E-14 -3.682026E-01  4.519451E-15
      9973 -1.513391E-14 -3.831876E-01 -6.022679E-15
      9974 -1.334278E-14 -3.658755E-01  1.405051E-15
      9975  1.222453E-14 -3.860428E-01  4.750333E-15
      9976  1.074769E-14 -3.699180E-01  5.751645E-15
      9977  1.446004E-14 -6.944393E-04 -2.540978E-14
      9978 -1.087539E-14 -6.851781E-04 -2.817297E-15
      9979  5.710104E-16  2.083328E-01 -5.748804E-15
      9980  1.365910E-14  1.756495E-01 -1.456425E-15
      9981 -1.271325E-14  1.655075E-01  2.646819E-14
      9982  2.861297E-14  2.096535E-01 -2.612148E-15
      9983 -2.804588E-14  1.667562E-01 -7.871199E-15
      9984 -1.907616E-14  1.692372E-01  2.098887E-14
      9985  6.291020E-15  1.731543E-01 -3.820984E-16
      9986 -4.244989E-14  1.691064E-01 -1.527474E-14
      9987 -1.987145E-15  1.693891E-01  1.027141E-14
      9988 -1.824801E-15  2.054639E-01 -6.085952E-16
      9989  1.877033E-16  1.661147E-01  3.717105E-15
      9990 -1.025942E-14  2.009109E-01 -6.077602E-15
      9991  3.085571E-14  1.955171E-01  1.545686E-15
      9992  4.686645E-15 -3.944888E-01  1.132196E-14
      9993 -8.533874E-15 -3.764086E-01 -2.977023E-17
      9994 -3.046893E-15 -3.969980E-01 -5.351982E-16
      9995 -3.498878E-16 -3.847041E-01  9.027881E-16
      9996  5.608571E-15 -3.705517E-01 -1.227565E-14

 total force (fx,fy,fz) for set SHUTTLE and time  0.1000000E+00

       -7.037556E-14 -2.505419E-02  8.433849E-15

                                INCREMENT     3


 forces (fx,fy,fz) for set SHUTTLE and time  0.1750000E+00

       198 -6.647374E-15  1.747108E-01  2.788860E-15
       199 -3.116257E-15  1.657886E-01  1.552169E-15
       594 -9.986161E-15  6.187083E-02 -6.168854E-15
       595  5.525680E-15  1.111143E-01  2.971592E-15
       989  3.109600E-14 -3.412417E-01 -1.089282E-15
       990  1.738570E-14  3.804402E-02  1.237421E-14
       991 -5.762717E-16  1.924068E-01 -2.829757E-15
       992 -3.570051E-14  1.493636E-01 -1.167377E-14
       993  3.291614E-14 -3.311778E-01 -1.892610E-14
      2374 -9.028199E-16  2.438952E-01 -1.012708E-14
      2375 -1.452449E-14  2.390748E-01  2.975361E-15
      2376 -9.393160E-15  2.250566E-01  1.454677E-14
      2377  2.685954E-14  2.245856E-01  4.758500E-15
      2378 -1.429012E-14  1.850319E-01  1.460857E-14
      2379  7.441497E-15 -2.240239E-01 -1.085046E-14
      2380 -1.150287E-14  2.700611E-01  5.428479E-15
      2381  3.526158E-15  2.756218E-01  1.244950E-14
      2382  2.731795E-14  2.221466E-01 -1.744986E-15
      2383 -1.562463E-14  2.291721E-01 -2.025110E-14
      2384 -1.304800E-14  2.129642E-01 -1.476765E-14
      2385 -8.002550E-15  1.526835E-02  3.275045E-15
      2386  1.917208E-14  2.156247E-01  2.619970E-15
      2387 -6.283352E-15  1.908938E-01 -3.503881E-15
      2393  1.114525E-14 -3.000335E-01 -8.175729E-15
      9972  1.590014E-14 -6.437227E-01 -9.697704E-15
      9973 -7.117023E-15 -6.699265E-01  3.913838E-15
      9974 -1.602457E-14 -6.396517E-01 -3.111747E-14
      9975 -1.014069E-13 -6.749152E-01  1.539437E-14
      9976  3.258101E-14 -6.467298E-01 -4.281686E-15
      9977 -1.875369E-14 -1.195310E-03  9.763031E-15
      9978  2.650043E-15 -1.177627E-03  1.500694E-17
      9979 -2.442045E-14  3.646269E-01 -8.301623E-16
      9980 -6.792388E-15  3.074720E-01 -8.170797E-15
      9981 -1.926717E-14  2.896163E-01  8.421847E-15
      9982  4.871883E-15  3.669384E-01  3.570234E-15
      9983 -2.370462E-15  2.919229E-01  8.539727E-15
      9984  3.048719E-14  2.961360E-01 -2.254433E-14
      9985 -5.334301E-15  3.031188E-01 -2.089612E-14
      9986 -1.302334E-14  2.959106E-01 -5.574882E-15
      9987  1.252488E-14  2.962910E-01  9.690366E-16
      9988 -1.574923E-14  3.594546E-01  4.887352E-15
      9989  2.652101E-14  2.905642E-01  1.019387E-14
      9990  7.211258E-15  3.514945E-01  5.516590E-15
      9991  4.574797E-15  3.420547E-01  8.938768E-15
      9992 -3.146733E-14 -6.909355E-01  6.191378E-15
      9993 -8.053165E-15 -6.592727E-01  1.616871E-14
      9994  1.797016E-14 -6.953280E-01  1.218141E-14
      9995  4.325737E-14 -6.737951E-01  9.699069E-15
      9996  1.592111E-14 -6.490100E-01 -2.492138E-14

 total force (fx,fy,fz) for set SHUTTLE and time  0.1750000E+00

       -2.252174E-14 -4.384051E-02 -3.342991E-14

                                INCREMENT     4


 forces (fx,fy,fz) for set SHUTTLE and time  0.2875000E+00

       198 -1.658579E-15  2.867164E-01  2.567098E-14
       199  2.698462E-14  2.726480E-01 -4.810404E-16
       594 -2.733858E-14  1.015181E-01 -1.975617E-14
       595 -2.739350E-14  1.826810E-01 -7.894569E-15
       989  5.129005E-14 -5.597762E-01 -3.880451E-15
       990  4.503920E-14  6.255786E-02  8.162966E-16
       991 -2.939788E-14  3.161346E-01 -1.723934E-14
       992 -3.904726E-14  2.451269E-01  7.417611E-15
       993 -6.617342E-14 -5.447583E-01  2.159156E-14
      2374  4.129532E-14  4.002276E-01  6.274939E-15
      2375 -3.401570E-14  3.923139E-01  2.734130E-15
      2376 -3.432502E-14  3.698061E-01 -3.140493E-14
      2377 -1.325780E-14  3.690397E-01  7.021204E-15
      2378  1.731264E-14  3.041475E-01  2.708341E-14
      2379  2.150631E-14 -3.674704E-01  1.512123E-14
      2380  1.130377E-15  4.441082E-01 -7.781594E-15
      2381 -1.545710E-14  4.532408E-01  2.167405E-14
      2382 -1.001028E-14  3.648109E-01  2.808561E-15
      2383 -2.707082E-14  3.763435E-01 -1.359387E-14
      2384 -2.813637E-14  3.496962E-01 -4.568493E-15
      2385 -1.573579E-15  2.505613E-02  1.909146E-14
      2386  3.445395E-14  3.543313E-01  9.068720E-15
      2387  1.090555E-14  3.135176E-01  1.005699E-14
      2393  2.426163E-14 -4.935525E-01  6.750576E-15
      9972 -7.706269E-14 -1.055984E+00  6.088512E-14
      9973 -3.902890E-15 -1.098984E+00  1.509612E-16
      9974  3.568623E-14 -1.049299E+00 -7.219593E-14
      9975  6.018641E-14 -1.107160E+00 -2.912379E-14
      9976  9.341482E-14 -1.060937E+00  4.033887E-15
      9977  4.193549E-14 -1.914038E-03 -2.844798E-14
      9978 -2.305378E-14 -1.881348E-03 -7.786864E-14
      9979  4.281174E-14  5.991371E-01  2.878979E-14
      9980 -2.257387E-14  5.053413E-01 -8.111304E-15
      9981 -2.285187E-14  4.757432E-01 -1.416101E-14
      9982  1.070641E-13  6.029353E-01  9.315084E-15
      9983  5.914277E-16  4.798311E-01 -3.307142E-14
      9984 -7.054607E-15  4.864362E-01  6.556245E-14
      9985 -5.265354E-14  4.982221E-01 -1.396727E-14
      9986  4.927178E-14  4.860744E-01 -1.480984E-14
      9987  2.567456E-15  4.864172E-01  2.582257E-14
      9988 -3.369826E-14  5.902662E-01 -2.040050E-14
      9989 -3.665494E-14  4.770174E-01 -3.579526E-14
      9990 -2.108209E-14  5.772077E-01 -1.748975E-15
      9991 -7.901058E-14  5.616980E-01 -9.097401E-15
      9992  3.173807E-15 -1.136533E+00 -2.063372E-14
      9993  6.422993E-16 -1.084461E+00  5.648079E-15
      9994  1.630604E-14 -1.143753E+00  6.003744E-15
      9995  7.678346E-14 -1.108332E+00  4.831295E-15
      9996  1.557279E-14 -1.067568E+00  3.555078E-14

 total force (fx,fy,fz) for set SHUTTLE and time  0.2875000E+00

        8.573248E-14 -7.201343E-02 -5.625799E-14

                                INCREMENT     5


 forces (fx,fy,fz) for set SHUTTLE and time  0.4562500E+00

       198  1.384132E-14  4.542672E-01 -3.889892E-14
       199 -3.204504E-14  4.333448E-01 -2.255506E-15
       594  2.721796E-14  1.608013E-01  2.897510E-14
       595 -2.721245E-14  2.902271E-01 -1.191878E-14
       989 -6.520983E-14 -8.863452E-01  7.547134E-14
       990  5.160747E-14  9.941241E-02 -2.242990E-15
       991 -7.245620E-14  5.017782E-01  1.847522E-14
       992 -1.258012E-14  3.883931E-01  2.376797E-14
       993  1.360379E-13 -8.661187E-01  4.367811E-14
      2374  8.251364E-14  6.340487E-01 -5.099728E-14
      2375  1.870753E-14  6.215032E-01 -2.637867E-14
      2376 -4.192991E-14  5.870265E-01  8.141765E-14
      2377 -4.224121E-14  5.858280E-01  4.295738E-14
      2378 -4.747813E-14  4.830593E-01 -2.255733E-14
      2379  5.710132E-14 -5.818011E-01  5.292089E-14
      2380  4.838711E-14  7.058117E-01  8.935382E-15
      2381  6.981326E-14  7.202975E-01  8.311598E-15
      2382  6.373357E-14  5.785897E-01  5.607988E-15
      2383  5.987097E-15  5.968689E-01  6.317111E-15
      2384 -1.991527E-14  5.545334E-01  2.779379E-14
      2385 -5.631873E-14  3.969864E-02 -1.134337E-14
      2386 -1.744562E-14  5.625190E-01  1.034282E-14
      2387 -1.355777E-14  4.973126E-01  3.423406E-15
      2393  2.243001E-15 -7.847627E-01  4.183773E-14
      9972 -9.856957E-15 -1.672073E+00 -7.131816E-14
      9973  4.997693E-14 -1.740194E+00 -9.071177E-14
      9974 -2.962285E-14 -1.661473E+00  1.149476E-14
      9975  8.501574E-14 -1.753124E+00  9.976222E-14
      9976  9.988519E-14 -1.679965E+00 -2.048397E-14
      9977 -2.663844E-14 -2.917444E-03 -7.943898E-14
      9978 -6.447250E-15 -2.856885E-03 -5.669479E-14
      9979  2.357018E-14  9.510511E-01 -9.095045E-15
      9980 -3.575384E-15  8.024446E-01 -2.826852E-14
      9981 -7.257099E-14  7.548489E-01  4.704362E-14
      9982  2.506377E-14  9.570805E-01 -2.430954E-14
      9983  1.986075E-14  7.620435E-01  3.497670E-14
      9984  1.390484E-13  7.717752E-01  8.836887E-14
      9985  5.122981E-14  7.912241E-01 -1.298191E-14
      9986  9.497843E-14  7.712217E-01 -2.338536E-14
      9987 -9.125928E-14  7.710915E-01 -3.393952E-14
      9988 -1.862615E-14  9.360850E-01 -2.855346E-15
      9989 -1.194009E-13  7.561949E-01 -2.102254E-14
      9990 -6.231087E-14  9.154062E-01  3.009798E-14
      9991  4.320540E-14  8.907904E-01  2.044785E-15
      9992  2.955952E-14 -1.807002E+00  8.469563E-15
      9993 -6.991325E-14 -1.724237E+00 -3.264854E-15
      9994  5.007291E-15 -1.818467E+00 -4.339614E-14
      9995  2.029382E-14 -1.762150E+00 -3.445628E-14
      9996 -5.230520E-14 -1.697351E+00  3.748796E-14

 total force (fx,fy,fz) for set SHUTTLE and time  0.4562500E+00

        2.529686E-13 -1.142591E-01  1.177644E-13

                                INCREMENT     6


 forces (fx,fy,fz) for set SHUTTLE and time  0.6562500E+00

       198 -5.964861E-14  6.521266E-01 -5.013129E-14
       199 -1.313204E-14  6.244259E-01 -1.952705E-14
       594  7.158628E-14  2.307692E-01 -2.457768E-14
       595  2.716012E-14  4.179876E-01 -6.198861E-15
       989 -9.180626E-14 -1.271462E+00 -1.440318E-14
       990  1.785804E-14  1.432224E-01 -1.247394E-13
       991 -4.014965E-14  7.218747E-01  6.395344E-15
       992  2.053819E-14  5.575968E-01  1.085792E-13
       993 -3.637340E-14 -1.248513E+00 -1.238632E-13
      2374 -5.002198E-14  9.101071E-01 -2.888769E-14
      2375  1.706190E-13  8.920849E-01 -4.386342E-14
      2376 -6.714612E-14  8.446117E-01  8.170136E-14
      2377 -2.021790E-13  8.429176E-01  2.541139E-14
      2378 -1.133150E-13  6.954637E-01  2.104842E-15
      2379 -5.081734E-14 -8.345119E-01 -2.173132E-14
      2380 -4.399138E-14  1.016949E+00 -1.984727E-14
      2381 -7.082351E-14  1.037772E+00 -7.140477E-15
      2382 -1.103245E-14  8.316083E-01  2.604254E-14
      2383  9.618577E-14  8.578613E-01  2.447046E-14
      2384  2.861928E-14  7.968882E-01  1.783643E-15
      2385  1.812778E-13  5.699404E-02  8.265761E-16
      2386 -4.589034E-14  8.094498E-01  2.817685E-14
      2387 -2.132768E-14  7.149191E-01 -5.428431E-15
      2393 -2.620717E-14 -1.131335E+00 -4.771987E-14
      9972  1.434708E-13 -2.398655E+00  6.547062E-14
      9973  1.713406E-13 -2.496437E+00 -9.021187E-14
      9974  6.705328E-14 -2.383423E+00 -4.496402E-14
      9975  2.301401E-13 -2.514956E+00 -1.216454E-13
      9976  3.352027E-14 -2.410059E+00  5.242584E-14
      9977 -2.141259E-13 -3.987718E-03 -6.851650E-14
      9978  2.460691E-14 -3.885776E-03 -3.599412E-14
      9979  1.504764E-14  1.368351E+00  5.426906E-14
      9980  9.626795E-14  1.155021E+00  3.150490E-14
      9981  6.643932E-14  1.085503E+00  6.995200E-14
      9982  3.861837E-14  1.377027E+00  4.285336E-14
      9983  1.242941E-14  1.097050E+00 -2.767884E-14
      9984  8.918545E-14  1.109775E+00  2.863893E-14
      9985  8.695582E-14  1.139014E+00  5.236146E-14
      9986 -3.610437E-14  1.109014E+00 -6.723369E-14
      9987  8.562692E-14  1.107673E+00 -2.254984E-14
      9988 -2.697226E-14  1.345312E+00 -7.234645E-15
      9989  2.592120E-14  1.086282E+00 -3.001611E-14
      9990  5.380313E-15  1.315644E+00  1.192404E-14
      9991 -3.766204E-14  1.280235E+00  3.498758E-14
      9992  6.980138E-14 -2.604823E+00  7.142640E-14
      9993  4.504822E-14 -2.485561E+00  4.220405E-14
      9994  1.857379E-13 -2.621328E+00  8.725617E-14
      9995  9.810182E-14 -2.540145E+00 -3.523328E-14
      9996  6.260604E-14 -2.446759E+00 -1.540615E-14

 total force (fx,fy,fz) for set SHUTTLE and time  0.6562500E+00

        1.008418E-12 -1.643087E-01 -1.539770E-13

                                INCREMENT     7


 forces (fx,fy,fz) for set SHUTTLE and time  0.8562500E+00

       198  9.407166E-16  8.491955E-01 -5.362316E-14
       199 -1.720055E-14  8.161759E-01 -1.316809E-14
       594  3.748934E-14  3.004155E-01  2.317485E-14
       595 -7.499955E-15  5.460639E-01 -4.615204E-14
       989 -9.655564E-14 -1.654473E+00  7.302050E-14
       990  1.399515E-13  1.871743E-01 -6.848122E-14
       991 -1.096226E-13  9.420447E-01  1.678405E-14
       992  7.318698E-14  7.261510E-01  2.974781E-14
       993  7.419621E-14 -1.632541E+00 -2.089780E-14
      2374  7.193838E-16  1.185000E+00  4.801403E-15
      2375 -4.115954E-14  1.161515E+00 -4.764739E-14
      2376  9.101693E-14  1.102334E+00  1.748237E-14
      2377 -1.841366E-13  1.100162E+00  3.746852E-14
      2378 -3.198578E-14  9.082468E-01 -4.831415E-14
      2379 -2.300048E-14 -1.085792E+00  2.790039E-14
      2380 -3.494465E-15  1.329122E+00 -1.430503E-14
      2381 -8.399383E-14  1.356275E+00 -5.362233E-14
      2382  8.237224E-14  1.084235E+00 -1.217787E-14
      2383  1.077013E-13  1.118437E+00  8.420242E-14
      2384  6.856790E-14  1.038780E+00  5.234786E-14
      2385 -3.921467E-15  7.422856E-02 -1.861443E-14
      2386 -2.544762E-14  1.056575E+00 -2.346191E-14
      2387  4.829015E-16  9.322746E-01  1.589744E-14
      2393 -3.322255E-14 -1.479445E+00  4.858484E-15
      9972 -2.400446E-13 -3.121309E+00 -4.549205E-15
      9973 -1.735354E-13 -3.248629E+00 -2.856747E-14
      9974  5.590438E-14 -3.101454E+00  4.961562E-14
      9975  1.248426E-13 -3.272691E+00 -7.343506E-14
      9976 -2.434554E-13 -3.136258E+00  2.341973E-14
      9977  1.889368E-13 -4.925283E-03  6.010514E-14
      9978  3.090464E-13 -4.772872E-03 -1.480151E-13
      9979 -1.066649E-13  1.785868E+00  4.983580E-14
      9980  1.614175E-13  1.508076E+00 -5.941652E-14
      9981 -9.235660E-14  1.415998E+00  2.549055E-14
      9982  8.435004E-15  1.797192E+00 -4.843814E-14
      9983  5.018081E-14  1.432620E+00 -1.135841E-14
      9984  5.541923E-14  1.447570E+00 -9.291919E-14
      9985  1.101909E-13  1.487362E+00  6.174703E-14
      9986 -3.100640E-14  1.446626E+00  2.683713E-13
      9987 -1.240406E-13  1.443362E+00 -3.361313E-14
      9988 -4.202339E-14  1.753838E+00  6.845930E-14
      9989 -5.842442E-14  1.415498E+00  5.115066E-14
      9990 -1.026884E-13  1.715226E+00 -3.287737E-14
      9991 -5.010363E-15  1.669024E+00 -3.056488E-14
      9992  3.822762E-14 -3.406068E+00  9.138917E-14
      9993 -7.846623E-14 -3.250180E+00 -2.050588E-14
      9994  1.548534E-13 -3.427621E+00 -7.864762E-14
      9995 -1.099037E-13 -3.321466E+00 -7.793606E-14
      9996 -9.021219E-14 -3.199381E+00  5.996784E-15

 total force (fx,fy,fz) for set SHUTTLE and time  0.8562500E+00

       -2.249936E-13 -2.143404E-01 -1.804223E-14

                                INCREMENT     8


 forces (fx,fy,fz) for set SHUTTLE and time  0.1000000E+01

       198 -1.131719E-13  9.903444E-01  1.606983E-14
       199 -1.077090E-13  9.544034E-01 -6.711862E-14
       594  5.066998E-14  3.502736E-01  5.123798E-14
       595  9.261062E-14  6.383090E-01  1.934946E-14
       989  1.855453E-13 -1.928453E+00  1.857657E-15
       990 -5.322017E-15  2.188527E-01 -9.646290E-14
       991  9.459527E-14  1.100333E+00 -1.850673E-14
       992  9.988727E-14  8.468945E-01  6.608752E-14
       993 -3.281949E-14 -1.909559E+00  6.208058E-14
      2374  2.543928E-13  1.381851E+00  1.014321E-13
      2375 -1.293267E-13  1.354450E+00 -4.075546E-15
      2376 -7.253748E-14  1.287647E+00 -1.694310E-13
      2377 -1.464133E-13  1.285143E+00 -3.115870E-14
      2378 -1.427987E-13  1.061411E+00 -1.190648E-13
      2379  8.548139E-14 -1.265512E+00 -6.243458E-14
      2380 -1.263677E-13  1.554126E+00 -3.024020E-14
      2381  8.321655E-14  1.585824E+00 -2.571684E-14
      2382  3.580338E-14  1.265562E+00  8.679613E-14
      2383 -9.769910E-14  1.305461E+00 -2.740544E-14
      2384  3.830145E-14  1.212346E+00 -7.069850E-14
      2385  5.098188E-14  8.657992E-02  4.489821E-14
      2386 -1.635543E-13  1.234310E+00  4.628806E-14
      2387 -1.222360E-13  1.088340E+00 -2.097957E-14
      2393 -2.098930E-14 -1.730588E+00  4.158813E-14
      9972 -7.271156E-14 -3.638275E+00 -5.348451E-14
      9973 -2.968958E-13 -3.786750E+00  5.794351E-14
      9974  1.337149E-13 -3.615104E+00  1.869026E-13
      9975  5.921250E-14 -3.814769E+00 -2.234927E-14
      9976 -1.006018E-14 -3.655794E+00 -1.197731E-13
      9977  2.498940E-13 -5.515035E-03  2.357887E-13
      9978 -2.255829E-13 -5.320722E-03 -1.192265E-13
      9979 -1.020424E-13  2.086082E+00  1.137241E-13
      9980 -1.055430E-13  1.762122E+00  8.765514E-14
      9981 -1.540186E-13  1.653439E+00  2.991126E-14
      9982  6.063146E-14  2.099311E+00  1.135328E-14
      9983  1.037986E-13  1.674150E+00 -9.193429E-14
      9984 -2.470245E-14  1.690228E+00  9.871005E-14
      9985  1.635031E-13  1.738074E+00  6.841811E-14
      9986  1.293136E-13  1.689167E+00 -2.301273E-13
      9987 -1.472664E-14  1.684080E+00 -8.321383E-14
      9988  4.890658E-15  2.047024E+00  1.777271E-14
      9989  2.312685E-13  1.651578E+00  1.438586E-13
      9990  1.512039E-13  2.002010E+00 -6.031033E-14
      9991 -1.177702E-14  1.948053E+00  8.905683E-14
      9992  5.787313E-14 -3.984055E+00  7.705381E-14
      9993  5.647195E-14 -3.801764E+00 -6.987559E-14
      9994 -2.158586E-13 -4.009241E+00  6.982097E-15
      9995 -1.538798E-14 -3.885075E+00 -1.516445E-14
      9996 -1.535551E-13 -3.742295E+00  1.581608E-14

 total force (fx,fy,fz) for set SHUTTLE and time  0.1000000E+01

       -2.105449E-13 -2.502910E-01  1.698800E-13
